    0/49       93/93     0.243     0.215      18.6      1.03      20.1         6       4.8          0          0          0          0        2.2
    1/49       93/93     0.232     0.124      0.68      0.96         2         6     0.298          0          0          0          0       2.04
    2/49       93/93     0.219     0.104     0.618     0.876      1.82         6     0.283          0          0          0          0       1.87
    3/49       93/93     0.233    0.0926     0.583     0.771      1.68         6     0.295          0          0          0          0        1.7
    4/49       93/93     0.229    0.0878     0.549     0.671      1.54         6     0.291        0.2     0.0333     0.0214     0.0546        1.5
    5/49       93/93     0.219    0.0826      0.51     0.571      1.38         6     0.282       0.35     0.0533      0.045     0.0882       1.41
    6/49       93/93     0.228    0.0817     0.486     0.544      1.34         6     0.296       0.31     0.0733     0.0646      0.116        1.3
    7/49       93/93     0.213    0.0721     0.471     0.423      1.18         6       0.3      0.336      0.147     0.0788      0.167        1.2
    8/49       93/93     0.222    0.0755     0.451     0.395      1.14         6     0.293      0.481      0.213      0.153      0.262       1.19
    9/49       93/93     0.213    0.0683     0.438     0.337      1.06         6     0.294      0.427       0.26      0.201      0.314       1.11
   10/49       93/93     0.212    0.0701     0.425     0.315      1.02         6      0.29      0.397      0.347      0.251       0.35        1.1
   11/49       93/93     0.207     0.066     0.417     0.239     0.929         6     0.291      0.382       0.26      0.206      0.306       1.07
   12/49       93/93     0.206    0.0735     0.401     0.249     0.929         6     0.277      0.519      0.313      0.237      0.379       1.12
   13/49       93/93     0.199    0.0628     0.399     0.246     0.907         6     0.279      0.378      0.387      0.262      0.373       1.09
   14/49       93/93     0.205    0.0621     0.389     0.253     0.909         6     0.274      0.544      0.407      0.308      0.462          1
   15/49       93/93       0.2    0.0555     0.377     0.204     0.836         6      0.29      0.519      0.427      0.314      0.467        1.1
   16/49       93/93     0.198    0.0602     0.374     0.225     0.857         6      0.28      0.513      0.353      0.242       0.41       1.09
   17/49       93/93     0.199     0.053     0.364     0.236     0.852         6     0.301      0.532      0.507      0.398      0.495       1.02
   18/49       93/93     0.185    0.0557     0.363     0.212     0.815         6     0.282       0.54      0.447      0.353      0.476       1.04
   19/49       93/93      0.19    0.0565     0.361     0.218     0.825         6       0.3      0.444      0.433      0.305      0.427        1.1
   20/49       93/93     0.188     0.051     0.344      0.18     0.763         6     0.292      0.496      0.493      0.372      0.491       1.09
   21/49       93/93     0.187    0.0527     0.345     0.188     0.773         6     0.296      0.494       0.54      0.398      0.509       1.04
   22/49       93/93     0.196    0.0554      0.35     0.178     0.779         6     0.299      0.509      0.473      0.345      0.481       1.05
   23/49       93/93     0.186    0.0486      0.34     0.211     0.786         6     0.282      0.534      0.473      0.372      0.491       1.04
   24/49       93/93      0.19    0.0502     0.336     0.196     0.772         6      0.29      0.528      0.427      0.323      0.435       1.02
   25/49       93/93     0.191    0.0515     0.333     0.195      0.77         6      0.31      0.418       0.44      0.326      0.416       1.14
   26/49       93/93     0.186    0.0503     0.338     0.214     0.788         6       0.3      0.484       0.46      0.344       0.46       1.15
   27/49       93/93     0.179    0.0473     0.329     0.188     0.744         6     0.292      0.524        0.5      0.427      0.506       1.05
   28/49       93/93     0.187    0.0473     0.333     0.224      0.79         6     0.292      0.525      0.467      0.342      0.488        1.1
   29/49       93/93     0.181    0.0559     0.337     0.243     0.816         6     0.282      0.492      0.473      0.371      0.474        1.2
   30/49       93/93     0.176    0.0526     0.337     0.252     0.817         6     0.299      0.474        0.5      0.366      0.474       1.25
   31/49       93/93     0.178    0.0542     0.339      0.28     0.851         6     0.299      0.469      0.427      0.322      0.425       1.34
   32/49       93/93     0.176     0.053     0.342     0.265     0.835         6     0.281      0.506      0.507      0.394      0.485       1.12
   33/49       93/93     0.182    0.0503     0.341     0.266      0.84         6      0.29      0.524       0.46      0.366      0.474       1.22
   34/49       93/93     0.179     0.049     0.325     0.266     0.819         6     0.291       0.56      0.433      0.334      0.477       1.09
   35/49       93/93     0.183    0.0545     0.336     0.292     0.866         6     0.295      0.641      0.467      0.387      0.531       1.05
   36/49       93/93     0.182    0.0525     0.346     0.323     0.903         6     0.298      0.546      0.473      0.377      0.492       1.11
   37/49       93/93     0.174    0.0527     0.341     0.309     0.877         6     0.289      0.458      0.393        0.3      0.378       1.25
   38/49       93/93     0.185    0.0571     0.344     0.353     0.939         6     0.291      0.414        0.5      0.385       0.45       1.19
   39/49       93/93     0.168    0.0506     0.337     0.321     0.877         6     0.295       0.57       0.46      0.392      0.493        1.1
   40/49       93/93     0.167    0.0509     0.332      0.34      0.89         6      0.28      0.504       0.46      0.373      0.466        1.1
   41/49       93/93     0.176    0.0543     0.352     0.402     0.985         6     0.285      0.466       0.48      0.392      0.466       1.05
   42/49       93/93     0.173     0.048     0.337      0.34     0.898         6     0.295      0.508      0.487      0.376      0.484      0.985
   43/49       93/93     0.171    0.0528     0.334      0.39     0.948         6     0.294      0.537      0.453      0.372      0.488       1.06
   44/49       93/93     0.165    0.0559     0.342     0.369     0.932         6     0.287      0.556       0.44      0.368      0.469       1.18
   45/49       93/93     0.165    0.0505     0.339     0.398     0.953         6     0.283      0.543      0.433      0.363      0.471       1.08
   46/49       93/93     0.167    0.0559     0.339     0.408      0.97         6     0.288      0.531       0.46      0.381      0.481       1.17
   47/49       93/93     0.168    0.0583     0.345     0.409      0.98         6     0.295      0.548        0.5      0.413      0.513       1.08
   48/49       93/93     0.175    0.0578     0.347     0.433      1.01         6      0.28      0.561      0.473      0.398        0.5       1.09
   49/49       93/93     0.166    0.0608     0.337     0.431     0.995         6     0.285      0.532      0.473      0.413      0.494       1.06
    0/99       93/93     0.238     0.205      18.5     0.984      19.9         6      4.77          0          0          0          0       1.96
    1/99       93/93     0.226     0.122     0.511     0.932      1.79         6     0.385          0          0          0          0       1.75
    2/99       93/93     0.227     0.101      0.46     0.817       1.6         6     0.371          0          0          0          0       1.61
    3/99       93/93     0.219    0.0936     0.419     0.733      1.47         6     0.378          0          0          0          0       1.47
    4/99       93/93     0.224    0.0862     0.399     0.629      1.34         6     0.365          0          0          0          0       1.36
    5/99       93/93     0.223    0.0884     0.386     0.576      1.27         6     0.381        0.2    0.00667    0.00667     0.0129       1.31
    6/99       93/93     0.223    0.0777     0.371     0.502      1.17         6     0.358      0.114     0.0267     0.0167     0.0432       1.15
    7/99       93/93     0.215    0.0736      0.36      0.43      1.08         6     0.387        0.3     0.0133       0.01     0.0254       1.09
    8/99       93/93      0.21    0.0761     0.349     0.417      1.05         6     0.369      0.541     0.0667     0.0527      0.109       1.04
    9/99       93/93     0.222    0.0729     0.337      0.37         1         6     0.374        0.2       0.06     0.0509     0.0914       1.02
   10/99       93/93     0.216    0.0673      0.33     0.328     0.941         6     0.381      0.367       0.04     0.0356     0.0685       1.04
   11/99       93/93     0.214    0.0734     0.331     0.298     0.916         6     0.368      0.372        0.1     0.0917      0.152      0.993
   12/99       93/93     0.209      0.06     0.316     0.294     0.879         6     0.368      0.344      0.127      0.109      0.179       1.01
   13/99       93/93     0.218     0.068     0.316     0.254     0.856         6     0.382      0.485      0.153      0.117       0.21      0.942
   14/99       93/93      0.22    0.0593     0.306     0.207     0.791         6     0.376      0.665      0.113     0.0997      0.185      0.925
   15/99       93/93     0.212    0.0604     0.299     0.218     0.789         6     0.384      0.498      0.113     0.0937      0.181      0.988
   16/99       93/93      0.22    0.0593     0.295     0.213     0.788         6     0.357       0.29      0.127      0.116      0.174      0.912
   17/99       93/93     0.211    0.0568     0.294     0.212     0.773         6     0.364      0.475      0.347       0.25      0.392      0.868
   18/99       93/93     0.211    0.0531     0.285     0.213     0.762         6     0.362      0.561       0.14      0.123      0.215      0.925
   19/99       93/93     0.202    0.0553     0.291     0.215     0.763         6     0.366      0.466       0.24      0.196      0.291      0.925
   20/99       93/93     0.215    0.0503     0.285     0.228     0.778         6     0.368      0.563      0.167      0.147      0.256      0.924
   21/99       93/93     0.205    0.0509     0.291     0.274     0.821         6     0.371      0.433       0.22      0.156       0.27          1
   22/99       93/93     0.217    0.0535     0.283     0.215     0.768         6     0.369      0.581      0.273      0.208      0.329      0.897
   23/99       93/93     0.204     0.049     0.278     0.193     0.724         6     0.381      0.564      0.247      0.206      0.307      0.875
   24/99       93/93     0.203    0.0531     0.277     0.212     0.745         6     0.363      0.561       0.24      0.197       0.32       1.01
   25/99       93/93     0.207    0.0515     0.277     0.251     0.786         6      0.37      0.739      0.227      0.188      0.325       0.97
   26/99       93/93     0.212    0.0536     0.275     0.195     0.736         6     0.372       0.47      0.247      0.181      0.282      0.951
   27/99       93/93     0.203    0.0499     0.278     0.216     0.747         6     0.376      0.485        0.3       0.23       0.35      0.934
   28/99       93/93     0.198    0.0436     0.268     0.199     0.709         6     0.373      0.524      0.287      0.225      0.345       1.11
   29/99       93/93     0.204    0.0531     0.269     0.225     0.751         6     0.381      0.463      0.227      0.171      0.272      0.946
   30/99       93/93     0.201    0.0549     0.267     0.239     0.761         6     0.381      0.479      0.253      0.208      0.323       1.15
   31/99       93/93     0.208    0.0496     0.269     0.267     0.794         6     0.401       0.51       0.24      0.177      0.313      0.919
   32/99       93/93     0.199    0.0531     0.273     0.263     0.788         6     0.385      0.414      0.193      0.163       0.23      0.995
   33/99       93/93     0.199    0.0565     0.273     0.302      0.83         6     0.369      0.605       0.18      0.157      0.251       1.07
   34/99       93/93     0.208    0.0562      0.27     0.306      0.84         6     0.401      0.435      0.407      0.298      0.405       1.01
   35/99       93/93     0.203    0.0559      0.28     0.329     0.868         6     0.385      0.373      0.267       0.19      0.305       1.11
   36/99       93/93     0.191    0.0514     0.273     0.338     0.853         6     0.365      0.384      0.313      0.228       0.32       0.98
   37/99       93/93     0.201    0.0574     0.269     0.325     0.852         6     0.361      0.628      0.267      0.218      0.347      0.953
   38/99       93/93     0.212     0.054     0.273     0.331      0.87         6     0.385      0.517      0.273      0.196      0.329      0.965
   39/99       93/93     0.198    0.0543     0.274     0.341     0.867         6     0.388      0.442      0.307      0.217      0.341       1.12
   40/99       93/93     0.196    0.0555     0.272     0.362     0.885         6     0.401      0.439        0.3      0.213      0.336       1.01
   41/99       93/93     0.202    0.0569      0.27     0.377     0.907         6     0.376      0.442       0.26      0.187      0.317       1.05
   42/99       93/93     0.207    0.0624     0.278     0.395     0.943         6     0.387      0.409      0.267      0.215      0.319       1.06
   43/99       93/93     0.203    0.0572     0.273     0.385     0.918         6     0.374      0.585      0.233      0.176        0.3      0.952
   44/99       93/93     0.211    0.0655     0.279      0.44     0.996         6      0.36      0.625       0.26      0.193      0.348       1.01
   45/99       93/93       0.2    0.0693     0.271     0.441     0.981         6     0.402      0.561      0.227       0.19      0.289       1.19
   46/99       93/93     0.215    0.0647     0.276     0.435      0.99         6     0.369      0.536       0.32      0.253      0.392       1.01
   47/99       93/93     0.208    0.0596     0.277     0.443     0.987         6     0.387      0.272       0.18      0.139      0.171       1.17
   48/99       93/93     0.205    0.0599     0.272     0.459     0.996         6     0.378      0.414       0.28       0.17      0.306       1.25
   49/99       93/93     0.208    0.0623     0.278     0.448     0.996         6       0.4      0.455      0.287      0.223      0.285       1.34
    0/99       46/46     0.665     0.576      43.6      2.92      47.8        14       3.4          0          0          0          0       5.93
    1/99       46/46     0.663     0.327      2.04      2.72      5.75        14     0.271     0.0667    0.00667    0.00222     0.0121       5.03
    2/99       46/46     0.624     0.279      1.79      2.45      5.15        14     0.254      0.229       0.16      0.078      0.186       4.69
    3/99       46/46      0.59     0.241      1.57      2.06      4.45        14     0.251      0.319       0.38      0.205      0.322       4.19
    4/99       46/46     0.582     0.248      1.47      1.76      4.06        14     0.263      0.305       0.44      0.244       0.36       3.74
    5/99       46/46     0.589      0.22      1.44      1.58      3.82        14     0.253      0.315      0.527      0.349      0.393       3.63
    6/99       46/46     0.539     0.227      1.37      1.37      3.51        14     0.279      0.401       0.52       0.37      0.444       3.42
    7/99       46/46     0.561     0.239      1.29      1.12      3.21        14     0.255      0.485       0.54      0.368      0.495       3.48
    8/99       46/46     0.593     0.211      1.26      1.05      3.11        14     0.272      0.429       0.58      0.462      0.487       3.18
    9/99       46/46     0.548     0.192      1.28     0.897      2.92        14     0.264      0.361      0.607      0.443       0.45       3.24
   10/99       46/46     0.537     0.186      1.23     0.919      2.87        14     0.263      0.419       0.52       0.37       0.46       3.58
   11/99       46/46     0.513     0.178      1.23     0.842      2.76        14     0.271      0.463      0.653      0.532      0.533       2.96
   12/99       46/46     0.512     0.173      1.21     0.765      2.66        14     0.278      0.515      0.673      0.552      0.582       2.93
   13/99       46/46     0.513     0.171      1.16     0.719      2.56        14     0.252      0.415       0.54      0.447      0.454        3.4
   14/99       46/46     0.521     0.173      1.17     0.723      2.59        14     0.252       0.42      0.553      0.403      0.471        3.2
   15/99       46/46     0.504     0.176      1.14     0.577       2.4        14     0.265      0.445      0.567      0.414      0.493       3.18
   16/99       46/46     0.518     0.193      1.14     0.706      2.56        14     0.267      0.473      0.607      0.469       0.52       2.98
   17/99       46/46     0.519     0.176      1.13     0.635      2.46        14     0.249       0.51      0.553       0.44       0.51       3.27
   18/99       46/46     0.478     0.173      1.11     0.642       2.4        14     0.254      0.541       0.68      0.599        0.6       2.82
   19/99       46/46     0.505     0.168      1.15     0.592      2.42        14     0.251      0.489      0.653      0.536      0.558          3
   20/99       46/46     0.504     0.166       1.1     0.591      2.36        14     0.278      0.466      0.587      0.473      0.512       3.11
   21/99       46/46     0.497     0.176      1.17     0.762       2.6        14      0.27      0.475      0.607      0.464       0.52       3.17
   22/99       46/46       0.5     0.168      1.14     0.749      2.56        14     0.269      0.514      0.607      0.484      0.551       3.09
   23/99       46/46       0.5     0.182       1.2     0.772      2.65        14      0.27       0.47      0.587       0.48      0.521       3.14
   24/99       46/46      0.52     0.217      1.19     0.866      2.79        14      0.27      0.448      0.547      0.444      0.469       3.26
   25/99       46/46     0.481     0.197      1.14     0.745      2.56        14     0.263      0.462      0.613      0.483      0.525       3.09
   26/99       46/46     0.504     0.203      1.17     0.849      2.73        14     0.253      0.509       0.58      0.467      0.529       3.12
   27/99       46/46     0.474     0.175      1.16     0.821      2.63        14     0.252      0.541       0.64      0.531      0.568       3.13
   28/99       46/46     0.485     0.179      1.19     0.843      2.69        14     0.251      0.488      0.607      0.483      0.534       2.83
   29/99       46/46     0.485     0.186      1.24     0.879      2.79        14     0.263      0.498       0.58      0.442      0.526       2.95
   30/99       46/46     0.495     0.203      1.21      1.05      2.95        14     0.252      0.551      0.627      0.502      0.576       2.77
   31/99       46/46     0.513     0.159      1.21     0.898      2.78        14     0.273      0.436      0.533      0.391      0.458       3.13
   32/99       46/46     0.512     0.184      1.23     0.878       2.8        14      0.27      0.455      0.547      0.434      0.495       2.88
   33/99       46/46     0.508     0.182      1.17     0.866      2.73        14     0.259      0.396      0.507      0.381      0.422       3.27
   34/99       46/46     0.508     0.194      1.27      1.14      3.11        14     0.279      0.438       0.48      0.347      0.442       3.39
   35/99       46/46     0.464     0.178      1.25      1.06      2.95        14     0.254      0.484      0.533      0.395      0.503       3.38
   36/99       46/46      0.53     0.195       1.3       1.1      3.12        14     0.246      0.505      0.593       0.48      0.538        3.1
   37/99       46/46     0.468     0.189      1.27      1.06      2.99        14     0.246      0.437       0.56      0.421      0.467       3.32
   38/99       46/46     0.506     0.177      1.31      1.15      3.14        14      0.25      0.429      0.553      0.432      0.482       3.16
   39/99       46/46     0.493     0.164      1.28     0.946      2.88        14     0.246      0.451      0.547      0.412      0.492       3.22
   40/99       46/46     0.479     0.178      1.28      1.11      3.05        14     0.262      0.445      0.513      0.396      0.466        3.4
   41/99       46/46     0.499     0.198      1.28      1.17      3.15        14     0.259      0.454      0.493      0.365      0.465       3.47
   42/99       46/46     0.498     0.211      1.34      1.36      3.41        14     0.279      0.407      0.453      0.334      0.415        4.2
   43/99       46/46     0.516     0.188       1.3      1.13      3.13        14     0.269      0.469      0.527      0.382      0.481       3.44
   44/99       46/46     0.513      0.17      1.33      1.18      3.19        14     0.249       0.43      0.487      0.339      0.443       3.87
   45/99       46/46     0.481     0.189      1.29      1.24       3.2        14     0.251      0.446      0.473      0.322      0.451       3.68
   46/99       46/46     0.488     0.199      1.35       1.3      3.34        14     0.263      0.544      0.553      0.435      0.545       3.49
   47/99       46/46     0.506     0.193      1.32      1.38       3.4        14     0.271      0.421      0.527      0.374      0.455       3.42
   48/99       46/46     0.531     0.207      1.34      1.49      3.57        14     0.268       0.42       0.52      0.412      0.452       3.88
   49/99       46/46      0.52     0.195       1.3      1.47      3.48        14     0.269      0.477      0.547      0.435      0.507       3.65
   50/99       46/46     0.544     0.194      1.37      1.61      3.72        14     0.259      0.408       0.52      0.389      0.456       3.76
   51/99       46/46     0.541     0.194      1.38      1.44      3.56        14     0.254      0.463      0.553      0.413      0.497       3.53
   52/99       46/46      0.53     0.205       1.5      1.61      3.84        14     0.249      0.358      0.433       0.32      0.381          4
   53/99       46/46     0.539     0.179      1.42      1.51      3.65        14     0.258      0.352       0.48      0.341      0.399       3.99
   54/99       46/46     0.528     0.203      1.42      1.47      3.62        14     0.269      0.406      0.493      0.376      0.419       3.83
   55/99       46/46     0.536     0.225      1.51      1.66      3.93        14     0.263      0.385       0.48      0.352       0.41       3.91
   56/99       46/46     0.554     0.221      1.59      1.77      4.14        14     0.263      0.198       0.32      0.183      0.229       4.95
   57/99       46/46      0.54       0.2      1.53      1.83      4.09        14     0.253      0.274      0.327      0.213      0.279       4.66
   58/99       46/46     0.578     0.205      1.65      1.96      4.39        14     0.246      0.214       0.36      0.234       0.26       4.81
   59/99       46/46     0.563     0.217      1.61      1.77      4.16        14     0.247      0.223      0.313      0.197      0.205       5.68
   60/99       46/46     0.555     0.226      1.63         2      4.42        14     0.264      0.226      0.213       0.09      0.152       6.25
   61/99       46/46     0.584     0.218      1.57         2      4.38        14     0.262      0.264      0.307      0.198      0.261       4.64
   62/99       46/46     0.562     0.218      1.59      1.91      4.28        14      0.27      0.395      0.367      0.276      0.342       4.45
   63/99       46/46     0.562     0.215      1.52       1.8       4.1        14      0.26      0.285      0.307      0.208      0.287       5.02
   64/99       46/46     0.569     0.218      1.53      1.82      4.14        14     0.263      0.377        0.4       0.31       0.38       4.51
   65/99       46/46     0.582     0.215      1.51      1.71      4.01        14      0.27      0.338        0.4      0.275       0.35       4.42
   66/99       46/46      0.57     0.214      1.57      1.83      4.19        14     0.247      0.343      0.353      0.219      0.334        4.7
   67/99       46/46     0.574     0.217      1.57      1.83      4.19        14     0.265      0.315       0.28       0.17       0.26       5.41
   68/99       46/46     0.559     0.208      1.57      1.89      4.23        14     0.256      0.367       0.44      0.308      0.388       4.06
   69/99       46/46     0.579     0.208      1.57      1.99      4.35        14     0.263      0.401      0.407      0.282      0.384       4.68
   70/99       46/46     0.541     0.206      1.57      1.92      4.23        14      0.26      0.374      0.387      0.281      0.349       4.73
   71/99       46/46      0.57     0.235      1.61      2.15      4.57        14     0.285      0.366      0.427      0.303      0.381       4.56
   72/99       46/46      0.53     0.214      1.58      1.93      4.25        14     0.263      0.444      0.467      0.358      0.443       4.18
   73/99       46/46     0.556      0.21      1.62      2.03      4.41        14     0.249      0.415      0.413      0.314      0.404       4.41
   74/99       46/46     0.595     0.215      1.66      2.16      4.64        14     0.243      0.425      0.433      0.322      0.412       4.46
   75/99       46/46     0.593     0.214      1.63      2.09      4.53        14     0.271      0.499      0.313      0.214      0.278       5.69
   76/99       46/46     0.583     0.221      1.68      2.22       4.7        14     0.252      0.311       0.24      0.142       0.24       5.92
   77/99       46/46     0.559     0.195      1.68      2.08      4.52        14     0.254      0.304      0.293      0.196      0.284       5.57
   78/99       46/46      0.58     0.234      1.64      2.11      4.56        14     0.265      0.367       0.42      0.298      0.383       4.48
   79/99       46/46     0.582     0.213      1.64      2.11      4.54        14     0.247      0.344      0.373      0.279      0.336       4.88
   80/99       46/46      0.57     0.217      1.73      2.14      4.65        14     0.256      0.341      0.407      0.263      0.368       4.65
   81/99       46/46     0.627     0.216       1.8      2.34      4.98        14     0.269      0.257      0.213       0.12      0.217       5.67
   82/99       46/46     0.615      0.25      1.77      2.39      5.02        14     0.261      0.244      0.353       0.22      0.286       4.75
   83/99       46/46     0.541     0.227      1.71      2.18      4.66        14     0.275       0.29      0.353      0.248      0.303       4.71
   84/99       46/46     0.573     0.224      1.71      2.14      4.64        14     0.241      0.317       0.36      0.229      0.326       4.92
   85/99       46/46     0.614     0.227      1.69      2.34      4.87        14     0.252      0.322      0.387      0.258       0.35       4.39
   86/99       46/46     0.564     0.207      1.65      2.24      4.67        14     0.253      0.294      0.313      0.214      0.286        4.8
   87/99       46/46     0.584     0.214      1.65      2.16       4.6        14     0.233      0.331      0.347      0.244      0.315       4.86
   88/99       46/46     0.585     0.207      1.74      2.29      4.82        14     0.263       0.32      0.353      0.241      0.319       4.92
   89/99       46/46     0.578     0.216      1.75      2.28      4.83        14     0.261      0.332      0.393      0.236      0.349       4.78
   90/99       46/46     0.553     0.215      1.71      2.21      4.68        14     0.243       0.28      0.353      0.206      0.304        5.1
   91/99       46/46      0.56      0.21      1.72       2.3      4.79        14     0.247      0.316      0.367      0.213      0.332       4.97
   92/99       46/46     0.595     0.223      1.67      2.33      4.82        14     0.255      0.319       0.34      0.203       0.31       5.17
   93/99       46/46     0.596     0.218      1.71      2.31      4.83        14     0.248      0.312      0.367      0.238       0.33       5.21
   94/99       46/46     0.557     0.206       1.7       2.2      4.67        14      0.27       0.34       0.38      0.256      0.352       5.08
   95/99       46/46       0.6     0.215      1.75      2.36      4.92        14     0.279      0.324      0.293      0.205      0.303       5.83
   96/99       46/46     0.588     0.215      1.72      2.24      4.77        14     0.249      0.348      0.367      0.241      0.344       4.99
   97/99       46/46     0.572     0.207      1.72      2.32      4.82        14     0.262      0.344      0.327      0.222      0.324       5.38
   98/99       46/46      0.57     0.213      1.79      2.35      4.92        14     0.265      0.341       0.32       0.22      0.323       5.49
   99/99       46/46     0.597     0.208      1.78      2.33      4.91        14     0.263      0.346      0.347      0.233      0.335       5.17
    0/34       93/93     0.243     0.217      18.6      1.01      20.1         6      4.72          0          0          0          0       2.18
    1/34       93/93     0.236     0.121     0.676     0.945      1.98         6     0.286          0          0          0          0       1.99
    2/34       93/93     0.221    0.0986      0.61     0.844      1.77         6     0.315          0          0          0          0       1.79
    3/34       93/93     0.234    0.0833     0.563     0.718       1.6         6      0.28        0.1     0.0133    0.00889     0.0235       1.57
    4/34       93/93     0.216    0.0894     0.531      0.59      1.43         6       0.3      0.167       0.02     0.0111     0.0357       1.45
    5/34       93/93     0.221    0.0838     0.498     0.507      1.31         6     0.287      0.617      0.133      0.127      0.206       1.31
    6/34       93/93     0.221    0.0775     0.477     0.434      1.21         6     0.301      0.483      0.233      0.174      0.309        1.2
    7/34       93/93     0.214    0.0802     0.462     0.347       1.1         6     0.299      0.476       0.24      0.192      0.305       1.17
    8/34       93/93     0.213     0.076     0.449     0.328      1.07         6     0.301      0.434     0.0933      0.058      0.147       1.13
    9/34       93/93     0.214    0.0684     0.428     0.277     0.987         6     0.285      0.544       0.26      0.204       0.33       1.09
   10/34       93/93      0.21    0.0587     0.416     0.253     0.938         6     0.282      0.377      0.347      0.201      0.343       1.18
   11/34       93/93     0.207    0.0663     0.404     0.265     0.942         6     0.293      0.493      0.293      0.194      0.334       1.17
   12/34       93/93     0.209    0.0647     0.403     0.217     0.894         6     0.285      0.619       0.28      0.226      0.342       1.12
   13/34       93/93     0.195    0.0551     0.391     0.192     0.833         6     0.283      0.595       0.24      0.187      0.334       1.04
   14/34       93/93     0.196    0.0599     0.384     0.208     0.848         6     0.301      0.693      0.427      0.351      0.498      0.985
   15/34       93/93     0.199    0.0702     0.379     0.212      0.86         6     0.295      0.405      0.433       0.32      0.416       1.08
   16/34       93/93     0.198    0.0572     0.378     0.243     0.877         6     0.286       0.49       0.46      0.349      0.465       1.01
   17/34       93/93     0.187    0.0552     0.369     0.193     0.804         6     0.294      0.544        0.3       0.25      0.372       1.09
   18/34       93/93     0.193    0.0509     0.358     0.195     0.796         6     0.307      0.582      0.433      0.337      0.486      0.999
   19/34       93/93     0.196    0.0556     0.347     0.169     0.768         6     0.322      0.563      0.473      0.362       0.51       0.98
   20/34       93/93     0.197    0.0634     0.346     0.194     0.801         6     0.301      0.481        0.5      0.416      0.485       1.07
   21/34       93/93     0.192    0.0493     0.349     0.183     0.773         6     0.282       0.56      0.487      0.384       0.49       1.07
   22/34       93/93     0.183    0.0442     0.346       0.2     0.774         6     0.317      0.569      0.433      0.362      0.478      0.958
   23/34       93/93     0.188    0.0478     0.342     0.181     0.759         6     0.297      0.581      0.453       0.36      0.505      0.989
   24/34       93/93     0.185    0.0476     0.346      0.21     0.789         6      0.31      0.512      0.487      0.373      0.493      0.979
   25/34       93/93     0.187    0.0512     0.329     0.196     0.763         6     0.296      0.526      0.527      0.432      0.521       1.01
   26/34       93/93     0.185    0.0496     0.343     0.215     0.793         6     0.301      0.606      0.507      0.425      0.543       1.05
   27/34       93/93      0.19    0.0549      0.35     0.228     0.822         6     0.338      0.551      0.473      0.392      0.508       1.07
   28/34       93/93     0.186    0.0534     0.348     0.255     0.842         6     0.285      0.632      0.507      0.438      0.551       1.04
   29/34       93/93     0.187    0.0459     0.334     0.201     0.768         6     0.285      0.528        0.5      0.403      0.494       1.13
   30/34       93/93     0.174    0.0528     0.324     0.214     0.765         6     0.323      0.594      0.547      0.442      0.559       1.07
   31/34       93/93     0.166    0.0442     0.319       0.2     0.729         6     0.293      0.584      0.567      0.468      0.564       1.01
   32/34       93/93      0.17    0.0472     0.308     0.199     0.725         6     0.286      0.637      0.593      0.504      0.606      0.932
   33/34       93/93     0.168     0.046     0.322      0.22     0.756         6     0.295      0.569      0.533      0.433      0.536      0.967
   34/34       93/93     0.172    0.0477     0.326     0.236     0.781         6       0.3      0.588      0.533      0.423      0.544      0.994
