0 0.656250 0.273438 0.296875 0.273438
0 0.343750 0.390625 0.312500 0.257812
0 0.460938 0.437500 0.351562 0.335938
0 0.468750 0.460938 0.265625 0.429688
0 0.296875 0.429688 0.148438 0.359375
0 0.601562 0.593750 0.234375 0.187500
0 0.515625 0.218750 0.140625 0.132812
0 0.671875 0.390625 0.218750 0.343750
0 0.617188 0.437500 0.375000 0.437500
0 0.585938 0.492188 0.210938 0.335938
0 0.335938 0.484375 0.304688 0.468750
0 0.320312 0.523438 0.312500 0.328125
0 0.367188 0.437500 0.304688 0.382812
0 0.406250 0.539062 0.210938 0.453125
0 0.351562 0.492188 0.351562 0.429688
0 0.382812 0.320312 0.351562 0.304688
0 0.273438 0.476562 0.273438 0.312500
0 0.445312 0.328125 0.445312 0.312500
0 0.343750 0.523438 0.125000 0.468750
0 0.460938 0.460938 0.343750 0.445312
0 0.546875 0.468750 0.312500 0.359375
0 0.546875 0.273438 0.359375 0.242188
0 0.664062 0.273438 0.171875 0.218750
0 0.523438 0.476562 0.351562 0.476562
0 0.281250 0.335938 0.218750 0.117188
0 0.468750 0.406250 0.460938 0.398438
0 0.539062 0.375000 0.234375 0.343750
0 0.640625 0.507812 0.203125 0.445312
0 0.671875 0.273438 0.296875 0.250000
0 0.250000 0.414062 0.250000 0.296875
0 0.695312 0.546875 0.226562 0.351562
0 0.476562 0.257812 0.437500 0.218750
0 0.414062 0.476562 0.132812 0.312500
0 0.304688 0.500000 0.226562 0.500000
0 0.476562 0.250000 0.171875 0.132812
0 0.375000 0.484375 0.375000 0.304688
0 0.398438 0.281250 0.328125 0.242188
0 0.382812 0.257812 0.382812 0.218750
0 0.546875 0.304688 0.312500 0.296875
0 0.453125 0.429688 0.406250 0.406250
0 0.398438 0.351562 0.335938 0.343750
0 0.312500 0.554688 0.242188 0.437500
0 0.625000 0.265625 0.296875 0.179688
0 0.242188 0.468750 0.226562 0.343750
0 0.359375 0.492188 0.281250 0.492188
0 0.429688 0.539062 0.289062 0.242188
0 0.531250 0.359375 0.468750 0.343750
0 0.492188 0.468750 0.328125 0.406250
0 0.500000 0.437500 0.406250 0.273438
0 0.531250 0.476562 0.460938 0.289062
0 0.687500 0.210938 0.296875 0.179688
0 0.671875 0.203125 0.195312 0.156250
0 0.843750 0.171875 0.117188 0.132812
0 0.679688 0.226562 0.125000 0.195312
0 0.460938 0.367188 0.265625 0.242188
0 0.578125 0.414062 0.265625 0.351562
0 0.789062 0.359375 0.179688 0.117188
0 0.421875 0.367188 0.187500 0.234375
0 0.226562 0.500000 0.140625 0.500000
0 0.617188 0.421875 0.343750 0.375000
0 0.390625 0.218750 0.171875 0.125000
0 0.562500 0.382812 0.289062 0.359375
0 0.757812 0.265625 0.203125 0.179688
0 0.390625 0.507812 0.187500 0.429688
0 0.562500 0.250000 0.367188 0.218750
0 0.460938 0.375000 0.250000 0.375000
0 0.320312 0.523438 0.234375 0.460938
0 0.437500 0.507812 0.414062 0.445312
0 0.273438 0.531250 0.273438 0.382812
0 0.437500 0.578125 0.195312 0.406250
0 0.343750 0.328125 0.304688 0.218750
0 0.460938 0.195312 0.187500 0.140625
0 0.468750 0.382812 0.398438 0.382812
0 0.585938 0.273438 0.164062 0.210938
0 0.242188 0.398438 0.218750 0.382812
0 0.367188 0.539062 0.257812 0.421875
0 0.171875 0.500000 0.164062 0.445312
0 0.515625 0.179688 0.476562 0.179688
0 0.695312 0.390625 0.273438 0.117188
0 0.257812 0.523438 0.164062 0.460938
0 0.500000 0.421875 0.273438 0.171875
0 0.585938 0.453125 0.250000 0.343750
0 0.476562 0.421875 0.445312 0.414062
0 0.398438 0.437500 0.320312 0.203125
0 0.507812 0.515625 0.156250 0.476562
0 0.406250 0.562500 0.289062 0.359375
0 0.335938 0.453125 0.289062 0.390625
0 0.250000 0.531250 0.171875 0.453125
0 0.500000 0.273438 0.460938 0.257812
0 0.382812 0.226562 0.203125 0.179688
0 0.296875 0.273438 0.265625 0.257812
0 0.437500 0.289062 0.218750 0.140625
0 0.460938 0.437500 0.382812 0.390625
0 0.367188 0.507812 0.273438 0.476562
0 0.421875 0.210938 0.398438 0.210938
0 0.625000 0.359375 0.351562 0.257812
0 0.273438 0.148438 0.187500 0.132812
0 0.531250 0.335938 0.320312 0.296875
0 0.531250 0.390625 0.429688 0.203125
0 0.515625 0.390625 0.406250 0.265625
0 0.406250 0.507812 0.304688 0.492188
0 0.523438 0.453125 0.390625 0.343750
0 0.539062 0.507812 0.218750 0.484375
0 0.398438 0.375000 0.132812 0.367188
0 0.523438 0.500000 0.335938 0.492188
0 0.640625 0.289062 0.320312 0.210938
0 0.507812 0.523438 0.367188 0.468750
0 0.445312 0.546875 0.367188 0.437500
0 0.320312 0.375000 0.296875 0.320312
0 0.421875 0.421875 0.195312 0.304688
0 0.539062 0.226562 0.179688 0.171875
0 0.250000 0.281250 0.250000 0.257812
0 0.507812 0.507812 0.312500 0.351562
0 0.281250 0.515625 0.125000 0.140625
0 0.421875 0.351562 0.281250 0.343750
0 0.218750 0.562500 0.203125 0.398438
0 0.460938 0.234375 0.421875 0.203125
0 0.453125 0.500000 0.382812 0.382812
0 0.414062 0.500000 0.257812 0.492188
0 0.468750 0.531250 0.296875 0.328125
0 0.515625 0.242188 0.257812 0.132812
0 0.578125 0.351562 0.304688 0.203125
0 0.445312 0.328125 0.367188 0.273438
0 0.382812 0.390625 0.265625 0.382812
0 0.687500 0.492188 0.156250 0.492188
0 0.562500 0.320312 0.296875 0.218750
0 0.500000 0.515625 0.335938 0.406250
0 0.414062 0.296875 0.382812 0.257812
0 0.593750 0.312500 0.179688 0.140625
0 0.289062 0.593750 0.210938 0.148438
0 0.562500 0.382812 0.421875 0.375000
0 0.773438 0.445312 0.156250 0.390625
0 0.273438 0.531250 0.140625 0.148438
0 0.468750 0.500000 0.351562 0.476562
0 0.476562 0.320312 0.476562 0.312500
0 0.382812 0.296875 0.312500 0.140625
0 0.328125 0.570312 0.210938 0.414062
0 0.351562 0.468750 0.179688 0.421875
0 0.625000 0.296875 0.343750 0.265625
0 0.484375 0.382812 0.382812 0.257812
0 0.617188 0.351562 0.359375 0.351562
0 0.445312 0.179688 0.281250 0.179688
0 0.570312 0.609375 0.265625 0.132812
0 0.468750 0.476562 0.468750 0.476562
0 0.492188 0.367188 0.257812 0.320312
0 0.250000 0.679688 0.250000 0.179688
0 0.203125 0.515625 0.179688 0.484375
0 0.343750 0.406250 0.250000 0.210938
0 0.460938 0.367188 0.257812 0.257812
0 0.445312 0.226562 0.148438 0.179688
0 0.335938 0.484375 0.226562 0.351562
0 0.382812 0.359375 0.343750 0.343750
0 0.585938 0.257812 0.414062 0.210938
0 0.500000 0.429688 0.484375 0.429688
0 0.539062 0.421875 0.312500 0.195312
0 0.734375 0.421875 0.250000 0.312500
0 0.554688 0.351562 0.406250 0.273438
0 0.554688 0.320312 0.429688 0.281250
0 0.218750 0.703125 0.187500 0.250000
0 0.375000 0.570312 0.203125 0.421875
0 0.359375 0.484375 0.226562 0.289062
0 0.250000 0.578125 0.125000 0.117188
0 0.539062 0.546875 0.359375 0.437500
0 0.546875 0.445312 0.445312 0.445312
0 0.601562 0.437500 0.367188 0.414062
0 0.273438 0.500000 0.265625 0.500000
0 0.335938 0.390625 0.156250 0.125000
0 0.460938 0.507812 0.343750 0.476562
0 0.468750 0.382812 0.414062 0.281250
0 0.632812 0.187500 0.234375 0.187500
0 0.421875 0.476562 0.296875 0.476562
0 0.484375 0.429688 0.437500 0.414062
0 0.351562 0.492188 0.304688 0.484375
0 0.375000 0.476562 0.375000 0.468750
0 0.187500 0.492188 0.132812 0.250000
0 0.359375 0.554688 0.289062 0.296875
0 0.203125 0.531250 0.195312 0.460938
0 0.515625 0.492188 0.234375 0.492188
0 0.335938 0.367188 0.187500 0.187500
0 0.390625 0.507812 0.164062 0.492188
0 0.406250 0.460938 0.359375 0.429688
0 0.671875 0.203125 0.304688 0.156250
0 0.507812 0.250000 0.375000 0.250000
0 0.437500 0.187500 0.234375 0.132812
0 0.281250 0.562500 0.140625 0.398438
0 0.320312 0.585938 0.281250 0.359375
0 0.320312 0.500000 0.187500 0.492188
0 0.312500 0.484375 0.226562 0.484375
1 0.687500 0.640625 0.250000 0.328125
1 0.445312 0.500000 0.414062 0.218750
1 0.531250 0.265625 0.335938 0.187500
1 0.460938 0.218750 0.273438 0.140625
1 0.671875 0.250000 0.320312 0.156250
1 0.609375 0.429688 0.390625 0.210938
1 0.750000 0.226562 0.234375 0.195312
1 0.437500 0.453125 0.437500 0.453125
1 0.562500 0.421875 0.414062 0.343750
1 0.460938 0.296875 0.437500 0.242188
1 0.609375 0.296875 0.359375 0.273438
1 0.367188 0.367188 0.351562 0.281250
1 0.578125 0.210938 0.296875 0.164062
1 0.843750 0.476562 0.148438 0.429688
1 0.335938 0.710938 0.234375 0.164062
1 0.484375 0.242188 0.304688 0.148438
1 0.429688 0.656250 0.421875 0.335938
1 0.507812 0.281250 0.476562 0.281250
1 0.515625 0.234375 0.414062 0.210938
1 0.640625 0.351562 0.281250 0.171875
1 0.257812 0.546875 0.257812 0.234375
1 0.468750 0.476562 0.343750 0.171875
1 0.382812 0.218750 0.343750 0.125000
1 0.468750 0.343750 0.468750 0.320312
1 0.539062 0.390625 0.453125 0.312500
1 0.390625 0.281250 0.390625 0.226562
1 0.390625 0.382812 0.375000 0.132812
1 0.390625 0.406250 0.390625 0.375000
1 0.468750 0.218750 0.359375 0.148438
1 0.546875 0.257812 0.304688 0.140625
1 0.609375 0.117188 0.328125 0.117188
1 0.570312 0.414062 0.390625 0.335938
1 0.421875 0.171875 0.406250 0.148438
1 0.328125 0.531250 0.312500 0.203125
1 0.562500 0.250000 0.429688 0.195312
1 0.609375 0.546875 0.304688 0.148438
1 0.484375 0.429688 0.484375 0.429688
1 0.398438 0.664062 0.218750 0.203125
1 0.515625 0.382812 0.382812 0.304688
1 0.476562 0.343750 0.414062 0.210938
1 0.289062 0.367188 0.289062 0.218750
1 0.414062 0.367188 0.414062 0.257812
1 0.539062 0.187500 0.281250 0.187500
1 0.367188 0.132812 0.312500 0.117188
1 0.789062 0.398438 0.210938 0.117188
1 0.539062 0.375000 0.445312 0.304688
1 0.500000 0.296875 0.460938 0.265625
1 0.578125 0.484375 0.414062 0.445312
1 0.640625 0.656250 0.250000 0.171875
1 0.531250 0.265625 0.398438 0.140625
1 0.398438 0.570312 0.320312 0.148438
1 0.687500 0.460938 0.218750 0.132812
1 0.476562 0.328125 0.445312 0.242188
1 0.507812 0.320312 0.468750 0.320312
1 0.367188 0.171875 0.226562 0.164062
1 0.359375 0.281250 0.320312 0.179688
1 0.554688 0.320312 0.437500 0.187500
1 0.468750 0.304688 0.390625 0.281250
1 0.726562 0.437500 0.257812 0.156250
1 0.539062 0.375000 0.265625 0.203125
1 0.429688 0.546875 0.429688 0.226562
1 0.601562 0.164062 0.265625 0.164062
1 0.757812 0.242188 0.179688 0.117188
1 0.343750 0.250000 0.148438 0.117188
1 0.281250 0.382812 0.195312 0.140625
1 0.601562 0.281250 0.312500 0.132812
1 0.398438 0.320312 0.398438 0.296875
1 0.429688 0.351562 0.281250 0.250000
1 0.703125 0.390625 0.265625 0.187500
1 0.531250 0.460938 0.406250 0.234375
1 0.429688 0.507812 0.382812 0.148438
1 0.648438 0.257812 0.343750 0.250000
1 0.703125 0.484375 0.289062 0.421875
1 0.531250 0.781250 0.359375 0.164062
1 0.468750 0.312500 0.382812 0.156250
1 0.476562 0.187500 0.203125 0.156250
1 0.492188 0.531250 0.226562 0.375000
1 0.421875 0.382812 0.421875 0.382812
1 0.546875 0.531250 0.281250 0.179688
1 0.875000 0.156250 0.117188 0.148438
1 0.492188 0.625000 0.492188 0.343750
1 0.601562 0.367188 0.195312 0.117188
1 0.460938 0.218750 0.445312 0.187500
1 0.492188 0.156250 0.492188 0.132812
1 0.460938 0.281250 0.437500 0.265625
1 0.382812 0.312500 0.242188 0.171875
1 0.609375 0.257812 0.375000 0.132812
1 0.210938 0.265625 0.210938 0.265625
1 0.351562 0.335938 0.335938 0.195312
1 0.304688 0.296875 0.265625 0.195312
1 0.429688 0.156250 0.328125 0.132812
1 0.421875 0.421875 0.312500 0.195312
1 0.453125 0.398438 0.429688 0.398438
1 0.484375 0.289062 0.398438 0.203125
1 0.593750 0.265625 0.250000 0.203125
1 0.523438 0.359375 0.468750 0.265625
1 0.445312 0.492188 0.429688 0.171875
1 0.500000 0.375000 0.468750 0.296875
1 0.507812 0.234375 0.429688 0.210938
1 0.562500 0.648438 0.304688 0.179688
1 0.437500 0.289062 0.390625 0.125000
1 0.187500 0.492188 0.187500 0.296875
1 0.765625 0.382812 0.171875 0.125000
1 0.617188 0.148438 0.218750 0.148438
1 0.664062 0.359375 0.250000 0.203125
1 0.476562 0.320312 0.460938 0.273438
1 0.601562 0.296875 0.390625 0.242188
1 0.750000 0.148438 0.226562 0.117188
1 0.515625 0.226562 0.304688 0.117188
1 0.226562 0.476562 0.218750 0.117188
1 0.687500 0.414062 0.203125 0.289062
1 0.437500 0.343750 0.234375 0.164062
1 0.492188 0.648438 0.281250 0.226562
1 0.492188 0.406250 0.445312 0.320312
1 0.500000 0.320312 0.320312 0.218750
1 0.484375 0.296875 0.468750 0.265625
1 0.437500 0.351562 0.429688 0.242188
1 0.484375 0.367188 0.406250 0.203125
1 0.546875 0.359375 0.390625 0.210938
1 0.351562 0.281250 0.164062 0.164062
1 0.554688 0.265625 0.414062 0.203125
1 0.296875 0.359375 0.296875 0.359375
1 0.468750 0.390625 0.468750 0.390625
1 0.609375 0.437500 0.328125 0.242188
1 0.507812 0.296875 0.250000 0.179688
1 0.437500 0.281250 0.296875 0.171875
1 0.476562 0.343750 0.359375 0.281250
1 0.437500 0.304688 0.429688 0.171875
1 0.687500 0.281250 0.226562 0.171875
1 0.289062 0.304688 0.273438 0.187500
1 0.507812 0.335938 0.250000 0.140625
1 0.640625 0.242188 0.210938 0.140625
1 0.406250 0.328125 0.406250 0.257812
1 0.492188 0.351562 0.304688 0.156250
1 0.523438 0.296875 0.375000 0.226562
1 0.507812 0.453125 0.476562 0.351562
1 0.546875 0.335938 0.414062 0.320312
1 0.476562 0.257812 0.406250 0.203125
1 0.515625 0.265625 0.445312 0.242188
1 0.312500 0.414062 0.203125 0.171875
1 0.414062 0.531250 0.367188 0.187500
1 0.507812 0.382812 0.476562 0.328125
1 0.460938 0.265625 0.437500 0.171875
1 0.843750 0.195312 0.140625 0.195312
1 0.554688 0.281250 0.429688 0.250000
1 0.726562 0.500000 0.234375 0.320312
1 0.445312 0.351562 0.437500 0.210938
1 0.375000 0.289062 0.375000 0.242188
1 0.531250 0.171875 0.367188 0.140625
1 0.515625 0.437500 0.476562 0.312500
1 0.515625 0.476562 0.382812 0.328125
1 0.593750 0.453125 0.273438 0.218750
1 0.500000 0.656250 0.125000 0.203125
1 0.312500 0.812500 0.289062 0.171875
1 0.750000 0.250000 0.226562 0.156250
1 0.726562 0.343750 0.218750 0.296875
1 0.390625 0.375000 0.289062 0.210938
1 0.640625 0.453125 0.289062 0.171875
1 0.429688 0.492188 0.289062 0.195312
1 0.460938 0.296875 0.398438 0.234375
1 0.867188 0.179688 0.125000 0.179688
1 0.351562 0.390625 0.351562 0.390625
1 0.539062 0.460938 0.359375 0.304688
1 0.718750 0.507812 0.242188 0.328125
1 0.601562 0.406250 0.117188 0.125000
1 0.843750 0.445312 0.148438 0.398438
1 0.179688 0.593750 0.179688 0.281250
1 0.367188 0.476562 0.335938 0.164062
1 0.726562 0.281250 0.250000 0.117188
1 0.281250 0.156250 0.257812 0.156250
1 0.664062 0.226562 0.242188 0.117188
1 0.562500 0.531250 0.304688 0.304688
1 0.460938 0.414062 0.460938 0.414062
1 0.367188 0.507812 0.367188 0.468750
1 0.664062 0.468750 0.210938 0.195312
1 0.132812 0.273438 0.132812 0.203125
1 0.445312 0.265625 0.203125 0.132812
1 0.140625 0.296875 0.140625 0.140625
1 0.406250 0.367188 0.296875 0.218750
1 0.546875 0.359375 0.335938 0.132812
1 0.484375 0.273438 0.382812 0.179688
1 0.328125 0.234375 0.179688 0.140625
1 0.546875 0.695312 0.257812 0.148438
1 0.390625 0.390625 0.390625 0.195312
1 0.648438 0.156250 0.351562 0.132812
1 0.406250 0.453125 0.351562 0.234375
1 0.734375 0.234375 0.234375 0.148438
1 0.453125 0.375000 0.218750 0.140625
1 0.414062 0.187500 0.414062 0.187500
1 0.335938 0.390625 0.140625 0.148438
1 0.734375 0.242188 0.257812 0.242188
1 0.468750 0.343750 0.468750 0.312500
1 0.593750 0.445312 0.398438 0.445312
1 0.468750 0.335938 0.375000 0.328125
1 0.398438 0.242188 0.351562 0.218750
1 0.484375 0.289062 0.382812 0.226562
1 0.640625 0.500000 0.203125 0.484375
1 0.531250 0.429688 0.343750 0.187500
1 0.570312 0.359375 0.359375 0.164062
1 0.703125 0.390625 0.125000 0.117188
2 0.445312 0.296875 0.367188 0.203125
2 0.421875 0.445312 0.421875 0.390625
2 0.429688 0.414062 0.429688 0.359375
2 0.695312 0.554688 0.125000 0.242188
2 0.507812 0.500000 0.421875 0.500000
2 0.398438 0.390625 0.359375 0.390625
2 0.453125 0.390625 0.429688 0.390625
2 0.460938 0.382812 0.273438 0.359375
2 0.390625 0.476562 0.242188 0.476562
2 0.734375 0.632812 0.226562 0.343750
2 0.218750 0.390625 0.164062 0.210938
2 0.617188 0.382812 0.367188 0.296875
2 0.601562 0.546875 0.250000 0.234375
2 0.523438 0.328125 0.476562 0.328125
2 0.398438 0.507812 0.382812 0.406250
2 0.718750 0.617188 0.226562 0.304688
2 0.515625 0.171875 0.242188 0.132812
2 0.281250 0.562500 0.226562 0.406250
2 0.507812 0.320312 0.421875 0.304688
2 0.367188 0.531250 0.257812 0.468750
2 0.414062 0.390625 0.203125 0.250000
2 0.476562 0.531250 0.453125 0.460938
2 0.468750 0.484375 0.382812 0.429688
2 0.601562 0.390625 0.343750 0.367188
2 0.539062 0.539062 0.453125 0.414062
2 0.531250 0.414062 0.460938 0.351562
2 0.460938 0.445312 0.460938 0.406250
2 0.484375 0.468750 0.437500 0.375000
2 0.500000 0.562500 0.320312 0.429688
2 0.296875 0.351562 0.273438 0.257812
2 0.359375 0.234375 0.210938 0.218750
2 0.492188 0.250000 0.437500 0.218750
2 0.671875 0.273438 0.226562 0.250000
2 0.398438 0.375000 0.226562 0.359375
2 0.546875 0.476562 0.429688 0.468750
2 0.460938 0.328125 0.343750 0.304688
2 0.492188 0.476562 0.492188 0.437500
2 0.171875 0.367188 0.171875 0.359375
2 0.664062 0.476562 0.210938 0.476562
2 0.531250 0.453125 0.117188 0.148438
2 0.617188 0.453125 0.343750 0.304688
2 0.546875 0.328125 0.140625 0.195312
2 0.437500 0.429688 0.382812 0.367188
2 0.460938 0.398438 0.218750 0.156250
2 0.445312 0.500000 0.210938 0.390625
2 0.484375 0.507812 0.257812 0.484375
2 0.554688 0.367188 0.156250 0.273438
2 0.375000 0.531250 0.335938 0.343750
2 0.515625 0.359375 0.445312 0.359375
2 0.523438 0.453125 0.437500 0.453125
2 0.562500 0.421875 0.218750 0.398438
2 0.390625 0.468750 0.242188 0.343750
2 0.515625 0.382812 0.468750 0.367188
2 0.335938 0.367188 0.257812 0.328125
2 0.398438 0.523438 0.242188 0.453125
2 0.453125 0.437500 0.421875 0.257812
2 0.218750 0.328125 0.218750 0.250000
2 0.500000 0.437500 0.320312 0.351562
2 0.203125 0.203125 0.203125 0.203125
2 0.304688 0.382812 0.117188 0.289062
2 0.468750 0.648438 0.289062 0.296875
2 0.492188 0.460938 0.289062 0.281250
2 0.359375 0.234375 0.335938 0.234375
2 0.429688 0.351562 0.390625 0.343750
2 0.460938 0.195312 0.210938 0.132812
2 0.210938 0.546875 0.203125 0.390625
2 0.195312 0.531250 0.195312 0.429688
2 0.546875 0.406250 0.226562 0.226562
2 0.601562 0.421875 0.203125 0.140625
2 0.507812 0.421875 0.117188 0.187500
2 0.367188 0.273438 0.367188 0.273438
2 0.343750 0.500000 0.328125 0.460938
2 0.789062 0.156250 0.140625 0.140625
2 0.367188 0.382812 0.273438 0.382812
2 0.156250 0.648438 0.125000 0.328125
2 0.648438 0.335938 0.296875 0.171875
2 0.515625 0.351562 0.265625 0.171875
2 0.539062 0.429688 0.359375 0.375000
2 0.546875 0.445312 0.375000 0.414062
2 0.375000 0.460938 0.265625 0.296875
2 0.453125 0.421875 0.421875 0.421875
2 0.601562 0.390625 0.171875 0.335938
2 0.476562 0.507812 0.398438 0.257812
2 0.382812 0.500000 0.312500 0.500000
2 0.359375 0.492188 0.320312 0.484375
2 0.390625 0.304688 0.140625 0.164062
2 0.609375 0.406250 0.367188 0.398438
2 0.320312 0.492188 0.320312 0.492188
2 0.406250 0.687500 0.140625 0.296875
2 0.273438 0.195312 0.250000 0.156250
2 0.617188 0.375000 0.234375 0.367188
2 0.445312 0.531250 0.445312 0.468750
2 0.585938 0.437500 0.289062 0.304688
2 0.437500 0.562500 0.335938 0.429688
2 0.398438 0.500000 0.312500 0.500000
2 0.515625 0.507812 0.414062 0.445312
2 0.515625 0.429688 0.335938 0.382812
2 0.484375 0.328125 0.156250 0.250000
2 0.359375 0.492188 0.343750 0.484375
2 0.531250 0.320312 0.343750 0.289062
2 0.351562 0.523438 0.210938 0.476562
2 0.507812 0.484375 0.414062 0.390625
2 0.554688 0.406250 0.187500 0.195312
2 0.296875 0.335938 0.273438 0.335938
2 0.351562 0.187500 0.328125 0.171875
2 0.640625 0.523438 0.218750 0.445312
2 0.476562 0.429688 0.289062 0.359375
2 0.531250 0.500000 0.367188 0.492188
2 0.546875 0.398438 0.390625 0.367188
2 0.421875 0.492188 0.343750 0.367188
2 0.445312 0.210938 0.335938 0.210938
2 0.382812 0.437500 0.382812 0.429688
2 0.453125 0.460938 0.343750 0.429688
2 0.539062 0.226562 0.453125 0.195312
2 0.343750 0.265625 0.304688 0.257812
2 0.617188 0.312500 0.328125 0.234375
2 0.398438 0.203125 0.234375 0.179688
2 0.554688 0.429688 0.242188 0.398438
2 0.476562 0.437500 0.476562 0.375000
2 0.617188 0.492188 0.367188 0.468750
2 0.742188 0.273438 0.257812 0.273438
2 0.289062 0.429688 0.289062 0.226562
2 0.500000 0.210938 0.484375 0.195312
2 0.437500 0.390625 0.414062 0.390625
2 0.593750 0.335938 0.351562 0.304688
2 0.132812 0.140625 0.125000 0.140625
2 0.632812 0.585938 0.148438 0.226562
2 0.617188 0.390625 0.375000 0.390625
2 0.414062 0.382812 0.414062 0.382812
2 0.468750 0.328125 0.304688 0.320312
2 0.414062 0.351562 0.414062 0.328125
2 0.468750 0.414062 0.460938 0.406250
2 0.289062 0.632812 0.257812 0.343750
2 0.320312 0.531250 0.320312 0.460938
2 0.460938 0.406250 0.453125 0.375000
2 0.359375 0.390625 0.359375 0.390625
2 0.492188 0.343750 0.453125 0.343750
2 0.632812 0.273438 0.320312 0.187500
2 0.609375 0.437500 0.281250 0.437500
2 0.484375 0.531250 0.281250 0.312500
2 0.546875 0.187500 0.312500 0.187500
2 0.289062 0.351562 0.265625 0.304688
2 0.320312 0.468750 0.195312 0.460938
2 0.632812 0.539062 0.125000 0.132812
2 0.445312 0.539062 0.445312 0.460938
2 0.398438 0.343750 0.156250 0.328125
2 0.507812 0.335938 0.445312 0.328125
2 0.359375 0.312500 0.117188 0.195312
2 0.578125 0.445312 0.320312 0.406250
2 0.507812 0.492188 0.328125 0.398438
2 0.531250 0.343750 0.468750 0.328125
2 0.656250 0.398438 0.304688 0.304688
2 0.507812 0.484375 0.445312 0.476562
2 0.531250 0.312500 0.468750 0.312500
2 0.296875 0.304688 0.195312 0.210938
2 0.468750 0.617188 0.265625 0.367188
2 0.460938 0.445312 0.398438 0.421875
2 0.476562 0.429688 0.476562 0.429688
2 0.515625 0.429688 0.398438 0.375000
2 0.820312 0.398438 0.164062 0.210938
2 0.187500 0.304688 0.179688 0.257812
2 0.726562 0.296875 0.187500 0.226562
2 0.429688 0.460938 0.234375 0.390625
2 0.710938 0.539062 0.242188 0.218750
2 0.351562 0.437500 0.335938 0.226562
2 0.734375 0.437500 0.210938 0.273438
2 0.312500 0.390625 0.304688 0.289062
2 0.578125 0.429688 0.406250 0.429688
2 0.554688 0.671875 0.125000 0.156250
2 0.500000 0.421875 0.500000 0.382812
2 0.351562 0.492188 0.312500 0.492188
2 0.390625 0.554688 0.304688 0.265625
2 0.429688 0.515625 0.210938 0.476562
2 0.601562 0.218750 0.328125 0.210938
2 0.523438 0.484375 0.218750 0.390625
2 0.328125 0.500000 0.328125 0.500000
2 0.585938 0.328125 0.210938 0.289062
2 0.500000 0.414062 0.484375 0.414062
2 0.695312 0.515625 0.203125 0.218750
2 0.218750 0.601562 0.218750 0.367188
2 0.460938 0.367188 0.460938 0.335938
2 0.515625 0.437500 0.179688 0.375000
2 0.507812 0.273438 0.359375 0.234375
2 0.593750 0.289062 0.359375 0.289062
2 0.750000 0.429688 0.226562 0.242188
2 0.617188 0.328125 0.359375 0.328125
2 0.484375 0.492188 0.375000 0.343750
2 0.445312 0.445312 0.203125 0.367188
2 0.570312 0.382812 0.359375 0.382812
2 0.492188 0.296875 0.492188 0.281250
2 0.320312 0.406250 0.148438 0.179688
2 0.484375 0.296875 0.460938 0.296875
2 0.242188 0.164062 0.156250 0.125000
2 0.484375 0.523438 0.421875 0.281250
2 0.281250 0.578125 0.257812 0.195312
2 0.437500 0.250000 0.414062 0.250000
2 0.562500 0.515625 0.421875 0.468750
2 0.375000 0.398438 0.375000 0.312500
2 0.593750 0.242188 0.351562 0.148438
2 0.421875 0.453125 0.367188 0.335938
3 0.289062 0.421875 0.289062 0.250000
3 0.445312 0.554688 0.304688 0.437500
3 0.367188 0.445312 0.359375 0.367188
3 0.507812 0.203125 0.406250 0.187500
3 0.164062 0.460938 0.156250 0.382812
3 0.695312 0.468750 0.218750 0.281250
3 0.460938 0.382812 0.414062 0.382812
3 0.460938 0.203125 0.312500 0.203125
3 0.531250 0.343750 0.468750 0.328125
3 0.429688 0.218750 0.429688 0.218750
3 0.414062 0.398438 0.210938 0.398438
3 0.484375 0.429688 0.312500 0.250000
3 0.390625 0.500000 0.312500 0.445312
3 0.460938 0.507812 0.390625 0.375000
3 0.679688 0.429688 0.210938 0.312500
3 0.398438 0.398438 0.218750 0.304688
3 0.445312 0.257812 0.437500 0.242188
3 0.445312 0.492188 0.445312 0.492188
3 0.398438 0.617188 0.320312 0.375000
3 0.562500 0.335938 0.296875 0.296875
3 0.531250 0.359375 0.460938 0.343750
3 0.343750 0.539062 0.289062 0.320312
3 0.671875 0.304688 0.242188 0.304688
3 0.617188 0.507812 0.296875 0.234375
3 0.445312 0.476562 0.367188 0.335938
3 0.562500 0.359375 0.359375 0.320312
3 0.515625 0.328125 0.460938 0.296875
3 0.500000 0.187500 0.468750 0.187500
3 0.601562 0.437500 0.367188 0.375000
3 0.398438 0.398438 0.375000 0.390625
3 0.492188 0.273438 0.492188 0.273438
3 0.507812 0.328125 0.289062 0.320312
3 0.515625 0.390625 0.460938 0.367188
3 0.484375 0.523438 0.429688 0.250000
3 0.453125 0.320312 0.453125 0.296875
3 0.429688 0.390625 0.429688 0.234375
3 0.335938 0.171875 0.335938 0.171875
3 0.781250 0.226562 0.210938 0.226562
3 0.460938 0.523438 0.140625 0.273438
3 0.421875 0.445312 0.390625 0.117188
3 0.562500 0.476562 0.375000 0.359375
3 0.500000 0.531250 0.328125 0.468750
3 0.367188 0.406250 0.281250 0.320312
3 0.585938 0.492188 0.359375 0.398438
3 0.703125 0.281250 0.296875 0.273438
3 0.421875 0.593750 0.367188 0.359375
3 0.664062 0.585938 0.195312 0.257812
3 0.343750 0.484375 0.187500 0.296875
3 0.648438 0.390625 0.296875 0.187500
3 0.468750 0.351562 0.296875 0.343750
3 0.437500 0.382812 0.367188 0.351562
3 0.585938 0.531250 0.304688 0.398438
3 0.546875 0.398438 0.414062 0.382812
3 0.484375 0.453125 0.484375 0.382812
3 0.601562 0.398438 0.335938 0.367188
3 0.640625 0.437500 0.312500 0.343750
3 0.437500 0.398438 0.398438 0.367188
3 0.445312 0.414062 0.437500 0.398438
3 0.648438 0.226562 0.328125 0.125000
3 0.812500 0.523438 0.179688 0.171875
3 0.289062 0.554688 0.226562 0.367188
3 0.664062 0.421875 0.328125 0.414062
3 0.429688 0.570312 0.132812 0.304688
3 0.312500 0.562500 0.257812 0.406250
3 0.632812 0.601562 0.273438 0.398438
3 0.531250 0.398438 0.453125 0.343750
3 0.437500 0.453125 0.351562 0.218750
3 0.734375 0.546875 0.226562 0.281250
3 0.531250 0.273438 0.460938 0.250000
3 0.507812 0.445312 0.429688 0.429688
3 0.562500 0.164062 0.312500 0.140625
3 0.421875 0.453125 0.351562 0.328125
3 0.546875 0.421875 0.320312 0.328125
3 0.312500 0.585938 0.250000 0.390625
3 0.585938 0.421875 0.328125 0.289062
3 0.492188 0.390625 0.476562 0.343750
3 0.265625 0.578125 0.203125 0.203125
3 0.500000 0.320312 0.492188 0.281250
3 0.421875 0.531250 0.273438 0.312500
3 0.429688 0.507812 0.367188 0.484375
3 0.429688 0.546875 0.250000 0.398438
3 0.523438 0.375000 0.468750 0.343750
3 0.515625 0.296875 0.476562 0.296875
3 0.414062 0.414062 0.312500 0.226562
3 0.492188 0.476562 0.414062 0.390625
3 0.398438 0.421875 0.375000 0.359375
3 0.484375 0.429688 0.375000 0.414062
3 0.289062 0.500000 0.242188 0.453125
3 0.429688 0.453125 0.351562 0.335938
3 0.320312 0.500000 0.296875 0.296875
3 0.500000 0.414062 0.390625 0.320312
3 0.507812 0.515625 0.453125 0.148438
3 0.359375 0.437500 0.359375 0.421875
3 0.578125 0.453125 0.351562 0.367188
3 0.515625 0.421875 0.484375 0.398438
3 0.476562 0.429688 0.468750 0.421875
3 0.445312 0.390625 0.421875 0.375000
3 0.695312 0.523438 0.296875 0.273438
3 0.632812 0.343750 0.312500 0.304688
3 0.601562 0.460938 0.390625 0.140625
3 0.398438 0.500000 0.296875 0.492188
3 0.625000 0.421875 0.296875 0.382812
3 0.539062 0.476562 0.382812 0.390625
3 0.390625 0.460938 0.164062 0.273438
3 0.570312 0.601562 0.203125 0.304688
3 0.546875 0.406250 0.421875 0.390625
3 0.484375 0.453125 0.437500 0.414062
3 0.578125 0.437500 0.414062 0.429688
3 0.523438 0.367188 0.390625 0.273438
3 0.695312 0.414062 0.226562 0.265625
3 0.320312 0.492188 0.195312 0.437500
3 0.609375 0.312500 0.242188 0.210938
3 0.453125 0.414062 0.320312 0.343750
3 0.296875 0.453125 0.273438 0.375000
3 0.476562 0.375000 0.476562 0.335938
3 0.554688 0.250000 0.429688 0.125000
3 0.476562 0.562500 0.406250 0.296875
3 0.398438 0.335938 0.195312 0.335938
3 0.460938 0.390625 0.429688 0.390625
3 0.437500 0.539062 0.226562 0.335938
3 0.703125 0.328125 0.164062 0.320312
3 0.492188 0.453125 0.156250 0.453125
3 0.406250 0.343750 0.343750 0.187500
3 0.500000 0.273438 0.500000 0.117188
3 0.398438 0.476562 0.367188 0.296875
3 0.609375 0.437500 0.226562 0.375000
3 0.484375 0.375000 0.460938 0.328125
3 0.515625 0.390625 0.468750 0.375000
3 0.367188 0.585938 0.351562 0.257812
3 0.500000 0.375000 0.257812 0.179688
3 0.515625 0.296875 0.468750 0.132812
3 0.375000 0.375000 0.234375 0.187500
3 0.585938 0.406250 0.343750 0.328125
3 0.484375 0.460938 0.484375 0.421875
3 0.476562 0.359375 0.312500 0.320312
3 0.437500 0.523438 0.312500 0.468750
3 0.539062 0.539062 0.382812 0.453125
3 0.414062 0.390625 0.406250 0.375000
3 0.468750 0.351562 0.406250 0.265625
3 0.507812 0.335938 0.476562 0.281250
3 0.453125 0.304688 0.453125 0.304688
3 0.515625 0.390625 0.429688 0.375000
3 0.531250 0.492188 0.257812 0.468750
3 0.453125 0.546875 0.382812 0.453125
3 0.359375 0.609375 0.351562 0.367188
3 0.203125 0.359375 0.179688 0.117188
3 0.523438 0.406250 0.414062 0.351562
3 0.351562 0.421875 0.179688 0.265625
3 0.656250 0.453125 0.203125 0.312500
3 0.500000 0.390625 0.445312 0.296875
3 0.546875 0.320312 0.195312 0.171875
3 0.445312 0.335938 0.406250 0.320312
3 0.453125 0.742188 0.296875 0.242188
3 0.554688 0.296875 0.257812 0.171875
3 0.476562 0.453125 0.476562 0.437500
3 0.640625 0.570312 0.320312 0.414062
3 0.531250 0.328125 0.453125 0.265625
3 0.500000 0.343750 0.359375 0.296875
3 0.578125 0.398438 0.218750 0.164062
3 0.242188 0.296875 0.195312 0.265625
3 0.781250 0.453125 0.203125 0.250000
3 0.429688 0.187500 0.281250 0.187500
3 0.437500 0.632812 0.437500 0.359375
3 0.515625 0.210938 0.398438 0.195312
3 0.468750 0.609375 0.343750 0.375000
3 0.406250 0.359375 0.296875 0.343750
3 0.406250 0.460938 0.390625 0.375000
3 0.640625 0.617188 0.289062 0.242188
3 0.539062 0.609375 0.289062 0.382812
3 0.703125 0.601562 0.273438 0.375000
3 0.390625 0.335938 0.328125 0.335938
3 0.460938 0.429688 0.429688 0.398438
3 0.500000 0.289062 0.484375 0.140625
3 0.312500 0.601562 0.273438 0.367188
3 0.265625 0.429688 0.179688 0.335938
3 0.304688 0.375000 0.257812 0.367188
3 0.640625 0.312500 0.304688 0.281250
3 0.289062 0.476562 0.187500 0.453125
3 0.437500 0.484375 0.437500 0.359375
3 0.539062 0.468750 0.437500 0.421875
4 0.812500 0.210938 0.140625 0.132812
4 0.546875 0.328125 0.429688 0.312500
4 0.460938 0.273438 0.429688 0.273438
4 0.445312 0.296875 0.250000 0.148438
4 0.570312 0.476562 0.328125 0.476562
4 0.546875 0.476562 0.375000 0.476562
4 0.710938 0.250000 0.273438 0.218750
4 0.304688 0.617188 0.250000 0.148438
4 0.703125 0.164062 0.140625 0.148438
4 0.515625 0.437500 0.257812 0.210938
4 0.367188 0.476562 0.218750 0.218750
4 0.406250 0.437500 0.320312 0.414062
4 0.578125 0.328125 0.328125 0.179688
4 0.515625 0.390625 0.476562 0.390625
4 0.585938 0.351562 0.156250 0.171875
4 0.484375 0.468750 0.460938 0.414062
4 0.453125 0.398438 0.453125 0.382812
4 0.617188 0.328125 0.375000 0.265625
4 0.710938 0.226562 0.242188 0.210938
4 0.468750 0.257812 0.437500 0.195312
4 0.523438 0.453125 0.421875 0.273438
4 0.273438 0.671875 0.273438 0.320312
4 0.335938 0.742188 0.335938 0.250000
4 0.468750 0.453125 0.382812 0.343750
4 0.437500 0.359375 0.296875 0.156250
4 0.609375 0.164062 0.179688 0.132812
4 0.445312 0.304688 0.414062 0.281250
4 0.218750 0.460938 0.218750 0.335938
4 0.421875 0.359375 0.390625 0.359375
4 0.515625 0.570312 0.367188 0.375000
4 0.710938 0.281250 0.265625 0.117188
4 0.281250 0.710938 0.257812 0.156250
4 0.484375 0.335938 0.429688 0.328125
4 0.531250 0.390625 0.429688 0.304688
4 0.554688 0.390625 0.429688 0.382812
4 0.539062 0.359375 0.429688 0.289062
4 0.820312 0.218750 0.171875 0.164062
4 0.468750 0.273438 0.328125 0.273438
4 0.234375 0.375000 0.234375 0.335938
4 0.429688 0.273438 0.367188 0.179688
4 0.820312 0.257812 0.164062 0.171875
4 0.500000 0.351562 0.351562 0.312500
4 0.531250 0.328125 0.414062 0.328125
4 0.539062 0.320312 0.234375 0.195312
4 0.570312 0.273438 0.273438 0.234375
4 0.546875 0.554688 0.328125 0.242188
4 0.476562 0.523438 0.382812 0.453125
4 0.359375 0.429688 0.351562 0.406250
4 0.523438 0.421875 0.414062 0.398438
4 0.632812 0.296875 0.289062 0.148438
4 0.546875 0.281250 0.273438 0.265625
4 0.656250 0.250000 0.210938 0.156250
4 0.507812 0.468750 0.398438 0.320312
4 0.703125 0.218750 0.156250 0.210938
4 0.500000 0.460938 0.359375 0.328125
4 0.390625 0.726562 0.226562 0.125000
4 0.460938 0.203125 0.375000 0.117188
4 0.570312 0.539062 0.304688 0.460938
4 0.515625 0.304688 0.476562 0.273438
4 0.492188 0.195312 0.390625 0.195312
4 0.468750 0.664062 0.382812 0.257812
4 0.281250 0.265625 0.226562 0.171875
4 0.656250 0.515625 0.289062 0.484375
4 0.437500 0.453125 0.437500 0.445312
4 0.664062 0.515625 0.257812 0.195312
4 0.515625 0.398438 0.390625 0.281250
4 0.617188 0.343750 0.343750 0.218750
4 0.460938 0.429688 0.312500 0.187500
4 0.273438 0.515625 0.273438 0.414062
4 0.351562 0.421875 0.351562 0.375000
4 0.523438 0.734375 0.203125 0.132812
4 0.578125 0.468750 0.179688 0.171875
4 0.468750 0.429688 0.421875 0.414062
4 0.515625 0.492188 0.460938 0.453125
4 0.257812 0.320312 0.132812 0.132812
4 0.445312 0.210938 0.367188 0.187500
4 0.382812 0.273438 0.351562 0.273438
4 0.398438 0.468750 0.367188 0.210938
4 0.187500 0.296875 0.187500 0.148438
4 0.476562 0.437500 0.375000 0.148438
4 0.437500 0.640625 0.296875 0.195312
4 0.523438 0.289062 0.382812 0.226562
4 0.460938 0.390625 0.382812 0.242188
4 0.445312 0.273438 0.312500 0.210938
4 0.351562 0.210938 0.234375 0.148438
4 0.359375 0.398438 0.289062 0.187500
4 0.500000 0.343750 0.453125 0.312500
4 0.601562 0.382812 0.398438 0.382812
4 0.570312 0.507812 0.406250 0.476562
4 0.398438 0.359375 0.398438 0.257812
4 0.554688 0.242188 0.320312 0.140625
4 0.468750 0.414062 0.390625 0.406250
4 0.593750 0.453125 0.265625 0.351562
4 0.460938 0.515625 0.218750 0.125000
4 0.648438 0.304688 0.296875 0.132812
4 0.492188 0.398438 0.296875 0.398438
4 0.359375 0.320312 0.335938 0.218750
4 0.531250 0.359375 0.156250 0.187500
4 0.578125 0.625000 0.265625 0.210938
4 0.468750 0.414062 0.468750 0.414062
4 0.507812 0.328125 0.304688 0.164062
4 0.531250 0.281250 0.460938 0.250000
4 0.617188 0.351562 0.367188 0.289062
4 0.382812 0.351562 0.320312 0.242188
4 0.476562 0.304688 0.257812 0.148438
4 0.570312 0.257812 0.351562 0.148438
4 0.453125 0.218750 0.304688 0.179688
4 0.492188 0.343750 0.476562 0.304688
4 0.578125 0.265625 0.265625 0.226562
4 0.554688 0.257812 0.437500 0.242188
4 0.453125 0.351562 0.367188 0.117188
4 0.460938 0.500000 0.445312 0.500000
4 0.726562 0.382812 0.265625 0.187500
4 0.375000 0.390625 0.343750 0.343750
4 0.507812 0.429688 0.414062 0.421875
4 0.601562 0.476562 0.289062 0.203125
4 0.570312 0.515625 0.250000 0.156250
4 0.359375 0.289062 0.343750 0.289062
4 0.445312 0.421875 0.328125 0.257812
4 0.578125 0.578125 0.312500 0.226562
4 0.343750 0.398438 0.328125 0.335938
4 0.531250 0.320312 0.460938 0.312500
4 0.515625 0.242188 0.484375 0.242188
4 0.445312 0.312500 0.351562 0.312500
4 0.523438 0.367188 0.343750 0.312500
4 0.445312 0.351562 0.335938 0.312500
4 0.546875 0.304688 0.421875 0.132812
4 0.492188 0.195312 0.234375 0.187500
4 0.484375 0.296875 0.390625 0.242188
4 0.523438 0.351562 0.156250 0.179688
4 0.398438 0.476562 0.312500 0.210938
4 0.359375 0.320312 0.359375 0.210938
4 0.562500 0.304688 0.242188 0.226562
4 0.601562 0.320312 0.382812 0.273438
4 0.445312 0.382812 0.437500 0.382812
4 0.531250 0.507812 0.234375 0.156250
4 0.625000 0.398438 0.265625 0.171875
4 0.539062 0.242188 0.406250 0.148438
4 0.289062 0.375000 0.234375 0.234375
4 0.437500 0.398438 0.414062 0.320312
4 0.445312 0.531250 0.437500 0.414062
4 0.445312 0.335938 0.328125 0.304688
4 0.554688 0.382812 0.437500 0.234375
4 0.523438 0.351562 0.296875 0.203125
4 0.281250 0.562500 0.281250 0.218750
4 0.398438 0.484375 0.398438 0.398438
4 0.593750 0.406250 0.406250 0.242188
4 0.585938 0.210938 0.156250 0.179688
4 0.523438 0.390625 0.414062 0.382812
4 0.687500 0.523438 0.289062 0.148438
4 0.531250 0.476562 0.304688 0.179688
4 0.406250 0.179688 0.375000 0.179688
4 0.351562 0.601562 0.257812 0.210938
4 0.382812 0.328125 0.343750 0.179688
4 0.437500 0.351562 0.414062 0.335938
4 0.500000 0.304688 0.390625 0.187500
4 0.515625 0.382812 0.476562 0.375000
4 0.484375 0.375000 0.460938 0.289062
4 0.562500 0.390625 0.414062 0.382812
4 0.515625 0.406250 0.468750 0.406250
4 0.367188 0.562500 0.367188 0.437500
4 0.429688 0.343750 0.343750 0.312500
4 0.515625 0.351562 0.289062 0.265625
4 0.343750 0.742188 0.125000 0.148438
4 0.656250 0.210938 0.320312 0.210938
4 0.460938 0.539062 0.460938 0.421875
4 0.382812 0.546875 0.289062 0.414062
4 0.445312 0.398438 0.335938 0.335938
4 0.570312 0.468750 0.367188 0.359375
4 0.390625 0.539062 0.320312 0.203125
4 0.500000 0.320312 0.343750 0.148438
4 0.437500 0.226562 0.414062 0.210938
4 0.468750 0.304688 0.468750 0.226562
4 0.445312 0.242188 0.406250 0.179688
4 0.359375 0.460938 0.351562 0.398438
4 0.507812 0.242188 0.484375 0.242188
4 0.320312 0.414062 0.320312 0.296875
4 0.414062 0.468750 0.312500 0.171875
4 0.437500 0.257812 0.335938 0.226562
4 0.500000 0.515625 0.484375 0.460938
