bird000001.JPEG 0 65 17 103 52
bird000002.JPEG 0 24 33 64 66
bird000003.JPEG 0 36 34 81 77
bird000004.JPEG 0 43 31 77 86
bird000005.JPEG 0 28 32 47 78
bird000006.JPEG 0 61 64 91 88
bird000007.JPEG 0 57 19 75 36
bird000008.JPEG 0 72 28 100 72
bird000009.JPEG 0 55 28 103 84
bird000010.JPEG 0 61 41 88 84
bird000011.JPEG 0 23 32 62 92
bird000012.JPEG 0 20 46 60 88
bird000013.JPEG 0 27 31 66 80
bird000014.JPEG 0 38 39 65 97
bird000015.JPEG 0 22 35 67 90
bird000016.JPEG 0 26 21 71 60
bird000017.JPEG 0 17 40 52 80
bird000018.JPEG 0 28 22 85 62
bird000019.JPEG 0 36 37 52 97
bird000020.JPEG 0 37 30 81 87
bird000021.JPEG 0 50 37 90 83
bird000022.JPEG 0 47 19 93 50
bird000023.JPEG 0 73 21 95 49
bird000024.JPEG 0 44 30 89 91
bird000025.JPEG 0 22 35 50 50
bird000026.JPEG 0 30 26 89 77
bird000027.JPEG 0 53 26 83 70
bird000028.JPEG 0 69 36 95 93
bird000029.JPEG 0 67 19 105 51
bird000030.JPEG 0 16 33 48 71
bird000031.JPEG 0 74 47 103 92
bird000032.JPEG 0 32 18 88 46
bird000033.JPEG 0 44 40 61 80
bird000034.JPEG 0 24 32 53 96
bird000035.JPEG 0 49 23 71 40
bird000036.JPEG 0 24 42 72 81
bird000037.JPEG 0 30 20 72 51
bird000038.JPEG 0 24 18 73 46
bird000039.JPEG 0 50 20 90 58
bird000040.JPEG 0 32 29 84 81
bird000041.JPEG 0 29 22 72 66
bird000042.JPEG 0 24 43 55 99
bird000043.JPEG 0 61 22 99 45
bird000044.JPEG 0 16 38 45 82
bird000045.JPEG 0 28 31 64 94
bird000046.JPEG 0 36 53 73 84
bird000047.JPEG 0 38 24 98 68
bird000048.JPEG 0 42 34 84 86
bird000049.JPEG 0 38 38 90 73
bird000050.JPEG 0 38 42 97 79
bird000051.JPEG 0 69 15 107 38
bird000052.JPEG 0 73 16 98 36
bird000053.JPEG 0 100 13 115 30
bird000054.JPEG 0 79 16 95 41
bird000055.JPEG 0 42 31 76 62
bird000056.JPEG 0 57 30 91 75
bird000057.JPEG 0 89 38 112 53
bird000058.JPEG 0 42 32 66 62
bird000059.JPEG 0 19 32 37 96
bird000060.JPEG 0 57 30 101 78
bird000061.JPEG 0 39 20 61 36
bird000062.JPEG 0 53 25 90 71
bird000063.JPEG 0 83 22 109 45
bird000064.JPEG 0 38 37 62 92
bird000065.JPEG 0 48 18 95 46
bird000066.JPEG 0 43 24 75 72
bird000067.JPEG 0 25 37 55 96
bird000068.JPEG 0 29 36 82 93
bird000069.JPEG 0 17 43 52 92
bird000070.JPEG 0 43 48 68 100
bird000071.JPEG 0 24 28 63 56
bird000072.JPEG 0 47 15 71 33
bird000073.JPEG 0 34 24 85 73
bird000074.JPEG 0 64 21 85 48
bird000075.JPEG 0 17 26 45 75
bird000076.JPEG 0 30 41 63 95
bird000077.JPEG 0 11 35 32 92
bird000078.JPEG 0 35 11 96 34
bird000079.JPEG 0 71 42 106 57
bird000080.JPEG 0 22 37 43 96
bird000081.JPEG 0 46 43 81 65
bird000082.JPEG 0 59 36 91 80
bird000083.JPEG 0 32 27 89 80
bird000084.JPEG 0 30 43 71 69
bird000085.JPEG 0 54 35 74 96
bird000086.JPEG 0 33 49 70 95
bird000087.JPEG 0 24 33 61 83
bird000088.JPEG 0 21 39 43 97
bird000089.JPEG 0 34 18 93 51
bird000090.JPEG 0 35 17 61 40
bird000091.JPEG 0 21 18 55 51
bird000092.JPEG 0 42 27 70 45
bird000093.JPEG 0 34 31 83 81
bird000094.JPEG 0 29 34 64 95
bird000095.JPEG 0 28 13 79 40
bird000096.JPEG 0 57 29 102 62
bird000097.JPEG 0 23 10 47 27
bird000098.JPEG 0 47 24 88 62
bird000099.JPEG 0 40 37 95 63
bird000100.JPEG 0 40 33 92 67
bird000101.JPEG 0 32 33 71 96
bird000102.JPEG 0 42 36 92 80
bird000103.JPEG 0 54 33 82 95
bird000104.JPEG 0 42 24 59 71
bird000105.JPEG 0 45 32 88 95
bird000106.JPEG 0 61 23 102 50
bird000107.JPEG 0 41 37 88 97
bird000108.JPEG 0 33 42 80 98
bird000109.JPEG 0 21 27 59 68
bird000110.JPEG 0 41 34 66 73
bird000111.JPEG 0 57 17 80 39
bird000112.JPEG 0 16 19 48 52
bird000113.JPEG 0 44 42 84 87
bird000114.JPEG 0 28 57 44 75
bird000115.JPEG 0 36 22 72 66
bird000116.JPEG 0 15 46 41 97
bird000117.JPEG 0 32 17 86 43
bird000118.JPEG 0 33 39 82 88
bird000119.JPEG 0 36 32 69 95
bird000120.JPEG 0 41 47 79 89
bird000121.JPEG 0 49 22 82 39
bird000122.JPEG 0 54 31 93 57
bird000123.JPEG 0 33 24 80 59
bird000124.JPEG 0 31 25 65 74
bird000125.JPEG 0 78 31 98 94
bird000126.JPEG 0 53 26 91 54
bird000127.JPEG 0 42 40 85 92
bird000128.JPEG 0 28 21 77 54
bird000129.JPEG 0 64 31 87 49
bird000130.JPEG 0 23 66 50 85
bird000131.JPEG 0 45 24 99 72
bird000132.JPEG 0 89 31 109 81
bird000133.JPEG 0 26 58 44 77
bird000134.JPEG 0 37 33 82 94
bird000135.JPEG 0 30 20 91 60
bird000136.JPEG 0 28 29 68 47
bird000137.JPEG 0 28 46 55 99
bird000138.JPEG 0 33 33 56 87
bird000139.JPEG 0 58 21 102 55
bird000140.JPEG 0 37 32 86 65
bird000141.JPEG 0 56 22 102 67
bird000142.JPEG 0 38 11 74 34
bird000143.JPEG 0 55 69 89 86
bird000144.JPEG 0 30 30 90 91
bird000145.JPEG 0 46 26 79 67
bird000146.JPEG 0 16 75 48 98
bird000147.JPEG 0 14 35 37 97
bird000148.JPEG 0 28 38 60 65
bird000149.JPEG 0 42 30 75 63
bird000150.JPEG 0 47 17 66 40
bird000151.JPEG 0 28 39 57 84
bird000152.JPEG 0 26 24 70 68
bird000153.JPEG 0 48 19 101 46
bird000154.JPEG 0 33 27 95 82
bird000155.JPEG 0 48 41 88 66
bird000156.JPEG 0 78 34 110 74
bird000157.JPEG 0 45 27 97 62
bird000158.JPEG 0 43 22 98 58
bird000159.JPEG 0 16 74 40 106
bird000160.JPEG 0 35 45 61 99
bird000161.JPEG 0 31 43 60 80
bird000162.JPEG 0 24 66 40 81
bird000163.JPEG 0 45 42 91 98
bird000164.JPEG 0 41 28 98 85
bird000165.JPEG 0 53 29 100 82
bird000166.JPEG 0 18 32 52 96
bird000167.JPEG 0 33 42 53 58
bird000168.JPEG 0 37 34 81 95
bird000169.JPEG 0 33 30 86 66
bird000170.JPEG 0 65 12 95 36
bird000171.JPEG 0 35 30 73 91
bird000172.JPEG 0 34 28 90 81
bird000173.JPEG 0 25 32 64 94
bird000174.JPEG 0 24 30 72 90
bird000175.JPEG 0 15 47 32 79
bird000176.JPEG 0 27 52 64 90
bird000177.JPEG 0 13 38 38 97
bird000178.JPEG 0 51 31 81 94
bird000179.JPEG 0 31 35 55 59
bird000180.JPEG 0 39 33 60 96
bird000181.JPEG 0 29 31 75 86
bird000182.JPEG 0 66 16 105 36
bird000183.JPEG 0 40 16 88 48
bird000184.JPEG 0 41 15 71 32
bird000185.JPEG 0 27 46 45 97
bird000186.JPEG 0 22 52 58 98
bird000187.JPEG 0 28 32 52 95
bird000188.JPEG 0 25 31 54 93
car000001.JPEG 1 72 61 104 103
car000002.JPEG 1 30 50 83 78
car000003.JPEG 1 46 22 89 46
car000004.JPEG 1 41 19 76 37
car000005.JPEG 1 65 22 106 42
car000006.JPEG 1 53 41 103 68
car000007.JPEG 1 81 16 111 41
car000008.JPEG 1 28 29 84 87
car000009.JPEG 1 45 32 98 76
car000010.JPEG 1 31 22 87 53
car000011.JPEG 1 55 20 101 55
car000012.JPEG 1 24 29 69 65
car000013.JPEG 1 55 16 93 37
car000014.JPEG 1 98 33 117 88
car000015.JPEG 1 28 80 58 101
car000016.JPEG 1 42 21 81 40
car000017.JPEG 1 28 62 82 105
car000018.JPEG 1 34 18 95 54
car000019.JPEG 1 39 16 92 43
car000020.JPEG 1 64 33 100 55
car000021.JPEG 1 16 55 49 85
car000022.JPEG 1 38 49 82 71
car000023.JPEG 1 26 20 70 36
car000024.JPEG 1 30 23 90 64
car000025.JPEG 1 39 30 97 70
car000026.JPEG 1 25 21 75 50
car000027.JPEG 1 26 40 74 57
car000028.JPEG 1 25 28 75 76
car000029.JPEG 1 37 18 83 37
car000030.JPEG 1 50 23 89 41
car000031.JPEG 1 57 7 99 22
car000032.JPEG 1 47 31 97 74
car000033.JPEG 1 28 12 80 31
car000034.JPEG 1 22 55 62 81
car000035.JPEG 1 44 19 99 44
car000036.JPEG 1 58 60 97 79
car000037.JPEG 1 31 27 93 82
car000038.JPEG 1 37 71 65 97
car000039.JPEG 1 41 29 90 68
car000040.JPEG 1 34 30 87 57
car000041.JPEG 1 18 33 55 61
car000042.JPEG 1 26 30 79 63
car000043.JPEG 1 50 12 86 36
car000044.JPEG 1 27 9 67 24
car000045.JPEG 1 87 43 114 58
car000046.JPEG 1 40 28 97 67
car000047.JPEG 1 34 21 93 55
car000048.JPEG 1 47 33 100 90
car000049.JPEG 1 66 73 98 95
car000050.JPEG 1 42 25 93 43
car000051.JPEG 1 30 63 71 82
car000052.JPEG 1 74 50 102 67
car000053.JPEG 1 32 26 89 57
car000054.JPEG 1 34 20 94 61
car000055.JPEG 1 32 11 61 32
car000056.JPEG 1 25 24 66 47
car000057.JPEG 1 43 28 99 52
car000058.JPEG 1 35 21 85 57
car000059.JPEG 1 76 46 109 66
car000060.JPEG 1 51 35 85 61
car000061.JPEG 1 27 55 82 84
car000062.JPEG 1 59 10 93 31
car000063.JPEG 1 85 23 108 38
car000064.JPEG 1 34 24 53 39
car000065.JPEG 1 23 39 48 57
car000066.JPEG 1 56 27 96 44
car000067.JPEG 1 25 21 76 59
car000068.JPEG 1 37 28 73 60
car000069.JPEG 1 73 38 107 62
car000070.JPEG 1 42 44 94 74
car000071.JPEG 1 30 55 79 74
car000072.JPEG 1 61 16 105 48
car000073.JPEG 1 71 35 108 89
car000074.JPEG 1 45 89 91 110
car000075.JPEG 1 35 30 84 50
car000076.JPEG 1 47 14 73 34
car000077.JPEG 1 48 44 77 92
car000078.JPEG 1 27 24 81 73
car000079.JPEG 1 52 56 88 79
car000080.JPEG 1 104 10 119 29
car000081.JPEG 1 31 58 94 102
car000082.JPEG 1 64 39 89 54
car000083.JPEG 1 30 16 87 40
car000084.JPEG 1 31 11 94 28
car000085.JPEG 1 31 19 87 53
car000086.JPEG 1 33 29 64 51
car000087.JPEG 1 54 24 102 41
car000088.JPEG 1 13 17 40 51
car000089.JPEG 1 23 30 66 55
car000090.JPEG 1 22 25 56 50
car000091.JPEG 1 34 11 76 28
car000092.JPEG 1 34 41 74 66
car000093.JPEG 1 30 25 85 76
car000094.JPEG 1 36 23 87 49
car000095.JPEG 1 60 21 92 47
car000096.JPEG 1 37 29 97 63
car000097.JPEG 1 29 52 84 74
car000098.JPEG 1 34 29 94 67
car000099.JPEG 1 37 16 92 43
car000100.JPEG 1 52 71 91 94
car000101.JPEG 1 31 28 81 44
car000102.JPEG 1 12 44 36 82
car000103.JPEG 1 87 40 109 56
car000104.JPEG 1 65 9 93 28
car000105.JPEG 1 68 33 100 59
car000106.JPEG 1 31 23 90 58
car000107.JPEG 1 51 22 101 53
car000108.JPEG 1 81 11 110 26
car000109.JPEG 1 46 21 85 36
car000110.JPEG 1 14 53 42 68
car000111.JPEG 1 75 34 101 71
car000112.JPEG 1 41 33 71 54
car000113.JPEG 1 45 68 81 97
car000114.JPEG 1 34 31 91 72
car000115.JPEG 1 43 26 84 54
car000116.JPEG 1 32 21 92 55
car000117.JPEG 1 28 29 83 60
car000118.JPEG 1 36 34 88 60
car000119.JPEG 1 45 32 95 59
car000120.JPEG 1 34 25 55 46
car000121.JPEG 1 44 21 97 47
car000122.JPEG 1 19 23 57 69
car000123.JPEG 1 30 25 90 75
car000124.JPEG 1 57 40 99 71
car000125.JPEG 1 48 26 80 49
car000126.JPEG 1 37 25 75 47
car000127.JPEG 1 37 26 83 62
car000128.JPEG 1 28 28 83 50
car000129.JPEG 1 73 25 102 47
car000130.JPEG 1 19 27 54 51
car000131.JPEG 1 48 34 80 52
car000132.JPEG 1 68 22 95 40
car000133.JPEG 1 26 25 78 58
car000134.JPEG 1 43 34 82 54
car000135.JPEG 1 43 23 91 52
car000136.JPEG 1 34 35 95 80
car000137.JPEG 1 43 22 96 63
car000138.JPEG 1 34 19 86 45
car000139.JPEG 1 37 18 94 49
car000140.JPEG 1 27 41 53 63
car000141.JPEG 1 29 56 76 80
car000142.JPEG 1 34 27 95 69
car000143.JPEG 1 31 23 87 45
car000144.JPEG 1 99 12 117 37
car000145.JPEG 1 43 20 98 52
car000146.JPEG 1 77 43 107 84
car000147.JPEG 1 28 31 84 58
car000148.JPEG 1 24 21 72 52
car000149.JPEG 1 44 13 91 31
car000150.JPEG 1 35 36 96 76
car000151.JPEG 1 41 39 90 81
car000152.JPEG 1 58 44 93 72
car000153.JPEG 1 56 71 72 97
car000154.JPEG 1 21 93 58 115
car000155.JPEG 1 81 22 110 42
car000156.JPEG 1 78 25 106 63
car000157.JPEG 1 31 34 68 61
car000158.JPEG 1 63 47 100 69
car000159.JPEG 1 36 50 73 75
car000160.JPEG 1 33 23 84 53
car000161.JPEG 1 103 11 119 34
car000162.JPEG 1 22 25 67 75
car000163.JPEG 1 45 39 91 78
car000164.JPEG 1 76 43 107 85
car000165.JPEG 1 69 44 84 60
car000166.JPEG 1 98 31 117 82
car000167.JPEG 1 11 58 34 94
car000168.JPEG 1 25 50 68 71
car000169.JPEG 1 76 28 108 43
car000170.JPEG 1 19 10 52 30
car000171.JPEG 1 69 21 100 36
car000172.JPEG 1 52 48 91 87
car000173.JPEG 1 29 26 88 79
car000174.JPEG 1 23 34 70 94
car000175.JPEG 1 71 47 98 72
car000176.JPEG 1 8 22 25 48
car000177.JPEG 1 43 25 69 42
car000178.JPEG 1 9 29 27 47
car000179.JPEG 1 33 33 71 61
car000180.JPEG 1 48 37 91 54
car000181.JPEG 1 37 23 86 46
car000182.JPEG 1 30 21 53 39
car000183.JPEG 1 53 79 86 98
car000184.JPEG 1 25 37 75 62
car000185.JPEG 1 60 11 105 28
car000186.JPEG 1 29 43 74 73
car000187.JPEG 1 79 20 109 39
car000188.JPEG 1 44 39 72 57
car000189.JPEG 1 26 12 79 36
car000190.JPEG 1 34 40 52 59
car000191.JPEG 1 77 15 110 46
car000192.JPEG 1 30 24 90 64
car000193.JPEG 1 50 28 101 85
car000194.JPEG 1 36 22 84 64
car000195.JPEG 1 28 17 73 45
car000196.JPEG 1 37 22 86 51
car000197.JPEG 1 69 33 95 95
car000198.JPEG 1 46 43 90 67
car000199.JPEG 1 49 35 95 56
car000200.JPEG 1 82 42 98 57
dog000001.JPEG 2 33 25 80 51
dog000002.JPEG 2 27 31 81 81
dog000003.JPEG 2 27 29 82 75
dog000004.JPEG 2 80 55 96 86
dog000005.JPEG 2 37 32 91 96
dog000006.JPEG 2 28 25 74 75
dog000007.JPEG 2 30 25 85 75
dog000008.JPEG 2 41 25 76 71
dog000009.JPEG 2 34 30 65 91
dog000010.JPEG 2 79 58 108 102
dog000011.JPEG 2 17 36 38 63
dog000012.JPEG 2 55 29 102 67
dog000013.JPEG 2 60 55 92 85
dog000014.JPEG 2 36 21 97 63
dog000015.JPEG 2 26 38 75 90
dog000016.JPEG 2 77 59 106 98
dog000017.JPEG 2 50 13 81 30
dog000018.JPEG 2 21 46 50 98
dog000019.JPEG 2 37 21 91 60
dog000020.JPEG 2 30 38 63 98
dog000021.JPEG 2 39 34 65 66
dog000022.JPEG 2 31 38 89 97
dog000023.JPEG 2 35 34 84 89
dog000024.JPEG 2 54 26 98 73
dog000025.JPEG 2 39 42 97 95
dog000026.JPEG 2 38 30 97 75
dog000027.JPEG 2 29 30 88 82
dog000028.JPEG 2 34 36 90 84
dog000029.JPEG 2 43 44 84 99
dog000030.JPEG 2 20 28 55 61
dog000031.JPEG 2 32 16 59 44
dog000032.JPEG 2 35 18 91 46
dog000033.JPEG 2 71 19 100 51
dog000034.JPEG 2 36 25 65 71
dog000035.JPEG 2 42 30 97 90
dog000036.JPEG 2 37 22 81 61
dog000037.JPEG 2 31 32 94 88
dog000038.JPEG 2 11 24 33 70
dog000039.JPEG 2 71 30 98 91
dog000040.JPEG 2 60 48 75 67
dog000041.JPEG 2 57 38 101 77
dog000042.JPEG 2 61 29 79 54
dog000043.JPEG 2 31 31 80 78
dog000044.JPEG 2 45 41 73 61
dog000045.JPEG 2 43 39 70 89
dog000046.JPEG 2 45 33 78 95
dog000047.JPEG 2 61 29 81 64
dog000048.JPEG 2 26 46 69 90
dog000049.JPEG 2 37 23 94 69
dog000050.JPEG 2 39 29 95 87
dog000051.JPEG 2 58 28 86 79
dog000052.JPEG 2 34 38 65 82
dog000053.JPEG 2 36 25 96 72
dog000054.JPEG 2 26 26 59 68
dog000055.JPEG 2 35 38 66 96
dog000056.JPEG 2 31 39 85 72
dog000057.JPEG 2 14 26 42 58
dog000058.JPEG 2 43 33 84 78
dog000059.JPEG 2 13 13 39 39
dog000060.JPEG 2 31 30 46 67
dog000061.JPEG 2 41 64 78 102
dog000062.JPEG 2 44 41 81 77
dog000063.JPEG 2 24 15 67 45
dog000064.JPEG 2 30 22 80 66
dog000065.JPEG 2 45 16 72 33
dog000066.JPEG 2 14 45 40 95
dog000067.JPEG 2 12 40 37 95
dog000068.JPEG 2 55 37 84 66
dog000069.JPEG 2 63 45 89 63
dog000070.JPEG 2 57 42 72 66
dog000071.JPEG 2 23 17 70 52
dog000072.JPEG 2 23 34 65 93
dog000073.JPEG 2 91 11 109 29
dog000074.JPEG 2 29 24 64 73
dog000075.JPEG 2 12 62 28 104
dog000076.JPEG 2 64 32 102 54
dog000077.JPEG 2 49 33 83 55
dog000078.JPEG 2 45 31 91 79
dog000079.JPEG 2 46 30 94 83
dog000080.JPEG 2 31 40 65 78
dog000081.JPEG 2 31 27 85 81
dog000082.JPEG 2 65 28 87 71
dog000083.JPEG 2 35 48 86 81
dog000084.JPEG 2 28 32 68 96
dog000085.JPEG 2 25 32 66 94
dog000086.JPEG 2 41 28 59 49
dog000087.JPEG 2 54 26 101 77
dog000088.JPEG 2 20 31 61 94
dog000089.JPEG 2 43 69 61 107
dog000090.JPEG 2 19 14 51 34
dog000091.JPEG 2 64 24 94 71
dog000092.JPEG 2 28 38 85 98
dog000093.JPEG 2 56 36 93 75
dog000094.JPEG 2 34 44 77 99
dog000095.JPEG 2 31 32 71 96
dog000096.JPEG 2 39 36 92 93
dog000097.JPEG 2 44 30 87 79
dog000098.JPEG 2 52 26 72 58
dog000099.JPEG 2 24 32 68 94
dog000100.JPEG 2 46 22 90 59
dog000101.JPEG 2 31 36 58 97
dog000102.JPEG 2 38 37 91 87
dog000103.JPEG 2 59 39 83 64
dog000104.JPEG 2 20 21 55 64
dog000105.JPEG 2 23 13 65 35
dog000106.JPEG 2 68 38 96 95
dog000107.JPEG 2 42 32 79 78
dog000108.JPEG 2 44 32 91 95
dog000109.JPEG 2 45 27 95 74
dog000110.JPEG 2 32 39 76 86
dog000111.JPEG 2 35 13 78 40
dog000112.JPEG 2 24 28 73 83
dog000113.JPEG 2 36 31 80 86
dog000114.JPEG 2 39 16 97 41
dog000115.JPEG 2 24 17 63 50
dog000116.JPEG 2 58 25 100 55
dog000117.JPEG 2 36 14 66 37
dog000118.JPEG 2 55 29 86 80
dog000119.JPEG 2 30 32 91 80
dog000120.JPEG 2 55 33 102 93
dog000121.JPEG 2 78 17 111 52
dog000122.JPEG 2 18 40 55 69
dog000123.JPEG 2 33 14 95 39
dog000124.JPEG 2 29 25 82 75
dog000125.JPEG 2 53 23 98 62
dog000126.JPEG 2 8 9 24 27
dog000127.JPEG 2 71 60 90 89
dog000128.JPEG 2 55 25 103 75
dog000129.JPEG 2 26 24 79 73
dog000130.JPEG 2 40 21 79 62
dog000131.JPEG 2 26 23 79 65
dog000132.JPEG 2 30 26 89 78
dog000133.JPEG 2 20 58 53 102
dog000134.JPEG 2 20 38 61 97
dog000135.JPEG 2 30 28 88 76
dog000136.JPEG 2 23 25 69 75
dog000137.JPEG 2 34 22 92 66
dog000138.JPEG 2 60 23 101 47
dog000139.JPEG 2 60 28 96 84
dog000140.JPEG 2 44 48 80 88
dog000141.JPEG 2 50 12 90 36
dog000142.JPEG 2 19 25 53 64
dog000143.JPEG 2 28 30 53 89
dog000144.JPEG 2 72 60 88 77
dog000145.JPEG 2 28 39 85 98
dog000146.JPEG 2 41 23 61 65
dog000147.JPEG 2 36 22 93 64
dog000148.JPEG 2 38 27 53 52
dog000149.JPEG 2 53 30 94 82
dog000150.JPEG 2 43 37 85 88
dog000151.JPEG 2 38 23 98 65
dog000152.JPEG 2 64 31 103 70
dog000153.JPEG 2 36 31 93 92
dog000154.JPEG 2 38 20 98 60
dog000155.JPEG 2 25 25 50 52
dog000156.JPEG 2 43 55 77 102
dog000157.JPEG 2 33 29 84 83
dog000158.JPEG 2 30 27 91 82
dog000159.JPEG 2 40 31 91 79
dog000160.JPEG 2 94 37 115 64
dog000161.JPEG 2 12 22 35 55
dog000162.JPEG 2 80 23 104 52
dog000163.JPEG 2 40 34 70 84
dog000164.JPEG 2 75 54 106 82
dog000165.JPEG 2 23 41 66 70
dog000166.JPEG 2 80 38 107 73
dog000167.JPEG 2 20 31 59 68
dog000168.JPEG 2 48 27 100 82
dog000169.JPEG 2 63 76 79 96
dog000170.JPEG 2 32 29 96 78
dog000171.JPEG 2 24 31 64 94
dog000172.JPEG 2 30 54 69 88
dog000173.JPEG 2 41 35 68 96
dog000174.JPEG 2 55 14 97 41
dog000175.JPEG 2 53 37 81 87
dog000176.JPEG 2 21 32 63 96
dog000177.JPEG 2 61 23 88 60
dog000178.JPEG 2 33 26 95 79
dog000179.JPEG 2 75 52 101 80
dog000180.JPEG 2 14 53 42 100
dog000181.JPEG 2 29 25 88 68
dog000182.JPEG 2 54 32 77 80
dog000183.JPEG 2 41 20 87 50
dog000184.JPEG 2 53 18 99 55
dog000185.JPEG 2 81 39 110 70
dog000186.JPEG 2 56 21 102 63
dog000187.JPEG 2 38 41 86 85
dog000188.JPEG 2 43 33 69 80
dog000189.JPEG 2 49 24 95 73
dog000190.JPEG 2 31 20 94 56
dog000191.JPEG 2 31 40 50 63
dog000192.JPEG 2 32 19 91 57
dog000193.JPEG 2 21 12 41 28
dog000194.JPEG 2 35 49 89 85
dog000195.JPEG 2 19 61 52 86
dog000196.JPEG 2 29 16 82 48
dog000197.JPEG 2 45 36 99 96
dog000198.JPEG 2 24 31 72 71
dog000199.JPEG 2 53 21 98 40
dog000200.JPEG 2 30 36 77 79
lizard000001.JPEG 3 18 38 55 70
lizard000002.JPEG 3 37 43 76 99
lizard000003.JPEG 3 24 33 70 80
lizard000004.JPEG 3 38 14 90 38
lizard000005.JPEG 3 10 34 30 83
lizard000006.JPEG 3 74 42 102 78
lizard000007.JPEG 3 32 24 85 73
lizard000008.JPEG 3 39 13 79 39
lizard000009.JPEG 3 38 23 98 65
lizard000010.JPEG 3 27 14 82 42
lizard000011.JPEG 3 39 25 66 76
lizard000012.JPEG 3 42 39 82 71
lizard000013.JPEG 3 30 35 70 92
lizard000014.JPEG 3 34 40 84 88
lizard000015.JPEG 3 73 35 100 75
lizard000016.JPEG 3 37 31 65 70
lizard000017.JPEG 3 28 17 84 48
lizard000018.JPEG 3 28 31 85 94
lizard000019.JPEG 3 30 55 71 103
lizard000020.JPEG 3 53 24 91 62
lizard000021.JPEG 3 38 24 97 68
lizard000022.JPEG 3 25 48 62 89
lizard000023.JPEG 3 70 19 101 58
lizard000024.JPEG 3 60 49 98 79
lizard000025.JPEG 3 33 39 80 82
lizard000026.JPEG 3 49 25 95 66
lizard000027.JPEG 3 36 23 95 61
lizard000028.JPEG 3 34 12 94 36
lizard000029.JPEG 3 53 32 100 80
lizard000030.JPEG 3 27 26 75 76
lizard000031.JPEG 3 31 17 94 52
lizard000032.JPEG 3 46 21 83 62
lizard000033.JPEG 3 36 26 95 73
lizard000034.JPEG 3 34 51 89 83
lizard000035.JPEG 3 29 21 87 59
lizard000036.JPEG 3 27 35 82 65
lizard000037.JPEG 3 21 11 64 33
lizard000038.JPEG 3 86 14 113 43
lizard000039.JPEG 3 50 49 68 84
lizard000040.JPEG 3 29 49 79 64
lizard000041.JPEG 3 48 37 96 83
lizard000042.JPEG 3 43 38 85 98
lizard000043.JPEG 3 29 31 65 72
lizard000044.JPEG 3 52 37 98 88
lizard000045.JPEG 3 71 18 109 53
lizard000046.JPEG 3 30 53 77 99
lizard000047.JPEG 3 72 58 97 91
lizard000048.JPEG 3 32 43 56 81
lizard000049.JPEG 3 64 38 102 62
lizard000050.JPEG 3 41 22 79 66
lizard000051.JPEG 3 32 26 79 71
lizard000052.JPEG 3 55 42 94 93
lizard000053.JPEG 3 43 26 96 75
lizard000054.JPEG 3 31 33 93 82
lizard000055.JPEG 3 55 27 98 74
lizard000056.JPEG 3 62 34 102 78
lizard000057.JPEG 3 30 27 81 74
lizard000058.JPEG 3 28 27 84 78
lizard000059.JPEG 3 62 20 104 36
lizard000060.JPEG 3 92 56 115 78
lizard000061.JPEG 3 22 47 51 94
lizard000062.JPEG 3 63 27 105 80
lizard000063.JPEG 3 46 53 63 92
lizard000064.JPEG 3 23 46 56 98
lizard000065.JPEG 3 63 51 98 102
lizard000066.JPEG 3 39 29 97 73
lizard000067.JPEG 3 33 44 78 72
lizard000068.JPEG 3 79 52 108 88
lizard000069.JPEG 3 38 19 97 51
lizard000070.JPEG 3 37 29 92 84
lizard000071.JPEG 3 52 11 92 29
lizard000072.JPEG 3 31 37 76 79
lizard000073.JPEG 3 49 33 90 75
lizard000074.JPEG 3 24 50 56 100
lizard000075.JPEG 3 54 35 96 72
lizard000076.JPEG 3 32 28 93 72
lizard000077.JPEG 3 21 61 47 87
lizard000078.JPEG 3 32 22 95 58
lizard000079.JPEG 3 36 48 71 88
lizard000080.JPEG 3 31 33 78 95
lizard000081.JPEG 3 39 44 71 95
lizard000082.JPEG 3 37 26 97 70
lizard000083.JPEG 3 35 19 96 57
lizard000084.JPEG 3 32 38 72 67
lizard000085.JPEG 3 36 35 89 85
lizard000086.JPEG 3 27 31 75 77
lizard000087.JPEG 3 38 28 86 81
lizard000088.JPEG 3 21 35 52 93
lizard000089.JPEG 3 32 36 77 79
lizard000090.JPEG 3 21 45 59 83
lizard000091.JPEG 3 39 32 89 73
lizard000092.JPEG 3 35 56 93 75
lizard000093.JPEG 3 23 29 69 83
lizard000094.JPEG 3 51 34 96 81
lizard000095.JPEG 3 35 28 97 79
lizard000096.JPEG 3 30 28 90 82
lizard000097.JPEG 3 29 26 83 74
lizard000098.JPEG 3 69 49 107 84
lizard000099.JPEG 3 60 24 100 63
lizard000100.JPEG 3 51 50 101 68
lizard000101.JPEG 3 32 32 70 95
lizard000102.JPEG 3 61 29 99 78
lizard000103.JPEG 3 44 35 93 85
lizard000104.JPEG 3 39 41 60 76
lizard000105.JPEG 3 59 57 85 96
lizard000106.JPEG 3 43 27 97 77
lizard000107.JPEG 3 34 31 90 84
lizard000108.JPEG 3 47 28 100 83
lizard000109.JPEG 3 42 29 92 64
lizard000110.JPEG 3 74 35 103 69
lizard000111.JPEG 3 28 35 53 91
lizard000112.JPEG 3 62 26 93 53
lizard000113.JPEG 3 37 30 78 74
lizard000114.JPEG 3 20 34 55 82
lizard000115.JPEG 3 30 26 91 69
lizard000116.JPEG 3 43 24 98 40
lizard000117.JPEG 3 34 53 86 91
lizard000118.JPEG 3 38 21 63 64
lizard000119.JPEG 3 31 25 86 75
lizard000120.JPEG 3 41 47 70 90
lizard000121.JPEG 3 79 21 100 62
lizard000122.JPEG 3 53 29 73 87
lizard000123.JPEG 3 30 32 74 56
lizard000124.JPEG 3 32 27 96 42
lizard000125.JPEG 3 27 41 74 79
lizard000126.JPEG 3 63 32 92 80
lizard000127.JPEG 3 32 27 91 69
lizard000128.JPEG 3 36 26 96 74
lizard000129.JPEG 3 24 58 69 91
lizard000130.JPEG 3 47 36 80 59
lizard000131.JPEG 3 36 29 96 46
lizard000132.JPEG 3 33 36 63 60
lizard000133.JPEG 3 53 31 97 73
lizard000134.JPEG 3 31 32 93 86
lizard000135.JPEG 3 40 25 80 66
lizard000136.JPEG 3 36 37 76 97
lizard000137.JPEG 3 44 39 93 97
lizard000138.JPEG 3 26 26 78 74
lizard000139.JPEG 3 34 27 86 61
lizard000140.JPEG 3 34 25 95 61
lizard000141.JPEG 3 29 19 87 58
lizard000142.JPEG 3 38 26 93 74
lizard000143.JPEG 3 51 33 84 93
lizard000144.JPEG 3 33 41 82 99
lizard000145.JPEG 3 23 54 68 101
lizard000146.JPEG 3 14 38 37 53
lizard000147.JPEG 3 40 29 93 74
lizard000148.JPEG 3 33 37 56 71
lizard000149.JPEG 3 71 38 97 78
lizard000150.JPEG 3 35 31 92 69
lizard000151.JPEG 3 57 29 82 51
lizard000152.JPEG 3 30 22 82 63
lizard000153.JPEG 3 39 79 77 110
lizard000154.JPEG 3 54 27 87 49
lizard000155.JPEG 3 30 30 91 86
lizard000156.JPEG 3 61 46 102 99
lizard000157.JPEG 3 39 25 97 59
lizard000158.JPEG 3 41 25 87 63
lizard000159.JPEG 3 60 40 88 61
lizard000160.JPEG 3 18 21 43 55
lizard000161.JPEG 3 87 42 113 74
lizard000162.JPEG 3 37 12 73 36
lizard000163.JPEG 3 28 57 84 103
lizard000164.JPEG 3 40 14 91 39
lizard000165.JPEG 3 38 54 82 102
lizard000166.JPEG 3 33 24 71 68
lizard000167.JPEG 3 27 35 77 83
lizard000168.JPEG 3 63 63 100 94
lizard000169.JPEG 3 50 53 87 102
lizard000170.JPEG 3 72 52 107 100
lizard000171.JPEG 3 29 21 71 64
lizard000172.JPEG 3 31 29 86 80
lizard000173.JPEG 3 33 27 95 45
lizard000174.JPEG 3 22 53 57 100
lizard000175.JPEG 3 22 33 45 76
lizard000176.JPEG 3 22 24 55 71
lizard000177.JPEG 3 62 22 101 58
lizard000178.JPEG 3 24 31 48 89
lizard000179.JPEG 3 28 39 84 85
lizard000180.JPEG 3 40 33 96 87
turtle000001.JPEG 4 95 18 113 35
turtle000002.JPEG 4 42 22 97 62
turtle000003.JPEG 4 31 17 86 52
turtle000004.JPEG 4 40 28 72 47
turtle000005.JPEG 4 51 30 93 91
turtle000006.JPEG 4 46 30 94 91
turtle000007.JPEG 4 73 18 108 46
turtle000008.JPEG 4 23 69 55 88
turtle000009.JPEG 4 81 11 99 30
turtle000010.JPEG 4 49 42 82 69
turtle000011.JPEG 4 33 46 61 74
turtle000012.JPEG 4 31 29 72 82
turtle000013.JPEG 4 53 30 95 53
turtle000014.JPEG 4 35 25 96 75
turtle000015.JPEG 4 65 33 85 55
turtle000016.JPEG 4 32 33 91 86
turtle000017.JPEG 4 29 26 87 75
turtle000018.JPEG 4 55 25 103 59
turtle000019.JPEG 4 75 15 106 42
turtle000020.JPEG 4 32 20 88 45
turtle000021.JPEG 4 40 40 94 75
turtle000022.JPEG 4 17 65 52 106
turtle000023.JPEG 4 21 79 64 111
turtle000024.JPEG 4 35 36 84 80
turtle000025.JPEG 4 37 36 75 56
turtle000026.JPEG 4 66 12 89 29
turtle000027.JPEG 4 30 21 83 57
turtle000028.JPEG 4 14 37 42 80
turtle000029.JPEG 4 29 23 79 69
turtle000030.JPEG 4 42 48 89 96
turtle000031.JPEG 4 74 28 108 43
turtle000032.JPEG 4 19 81 52 101
turtle000033.JPEG 4 34 22 89 64
turtle000034.JPEG 4 40 30 95 69
turtle000035.JPEG 4 43 25 98 74
turtle000036.JPEG 4 41 27 96 64
turtle000037.JPEG 4 93 17 115 38
turtle000038.JPEG 4 39 17 81 52
turtle000039.JPEG 4 15 26 45 69
turtle000040.JPEG 4 31 23 78 46
turtle000041.JPEG 4 94 21 115 43
turtle000042.JPEG 4 41 24 86 64
turtle000043.JPEG 4 41 21 94 63
turtle000044.JPEG 4 53 28 83 53
turtle000045.JPEG 4 55 20 90 50
turtle000046.JPEG 4 49 55 91 86
turtle000047.JPEG 4 36 38 85 96
turtle000048.JPEG 4 23 29 68 81
turtle000049.JPEG 4 40 28 93 79
turtle000050.JPEG 4 62 28 99 47
turtle000051.JPEG 4 52 19 87 53
turtle000052.JPEG 4 70 22 97 42
turtle000053.JPEG 4 39 39 90 80
turtle000054.JPEG 4 80 14 100 41
turtle000055.JPEG 4 41 38 87 80
turtle000056.JPEG 4 35 84 64 100
turtle000057.JPEG 4 35 18 83 33
turtle000058.JPEG 4 53 39 92 98
turtle000059.JPEG 4 35 21 96 56
turtle000060.JPEG 4 38 12 88 37
turtle000061.JPEG 4 35 68 84 101
turtle000062.JPEG 4 21 23 50 45
turtle000063.JPEG 4 65 35 102 97
turtle000064.JPEG 4 28 29 84 86
turtle000065.JPEG 4 68 53 101 78
turtle000066.JPEG 4 41 33 91 69
turtle000067.JPEG 4 57 30 101 58
turtle000068.JPEG 4 39 43 79 67
turtle000069.JPEG 4 17 39 52 92
turtle000070.JPEG 4 22 30 67 78
turtle000071.JPEG 4 54 85 80 102
turtle000072.JPEG 4 62 49 85 71
turtle000073.JPEG 4 33 28 87 81
turtle000074.JPEG 4 36 34 95 92
turtle000075.JPEG 4 24 32 41 49
turtle000076.JPEG 4 33 15 80 39
turtle000077.JPEG 4 26 17 71 52
turtle000078.JPEG 4 27 46 74 73
turtle000079.JPEG 4 12 28 36 47
turtle000080.JPEG 4 36 46 84 65
turtle000081.JPEG 4 37 69 75 94
turtle000082.JPEG 4 42 22 91 51
turtle000083.JPEG 4 34 34 83 65
turtle000084.JPEG 4 36 21 76 48
turtle000085.JPEG 4 29 17 59 36
turtle000086.JPEG 4 27 39 64 63
turtle000087.JPEG 4 35 24 93 64
turtle000088.JPEG 4 51 24 102 73
turtle000089.JPEG 4 46 34 98 95
turtle000090.JPEG 4 25 29 76 62
turtle000091.JPEG 4 50 22 91 40
turtle000092.JPEG 4 35 26 85 78
turtle000093.JPEG 4 59 35 93 80
turtle000094.JPEG 4 45 58 73 74
turtle000095.JPEG 4 64 30 102 47
turtle000096.JPEG 4 44 25 82 76
turtle000097.JPEG 4 24 26 67 54
turtle000098.JPEG 4 58 34 78 58
turtle000099.JPEG 4 57 66 91 93
turtle000100.JPEG 4 30 26 90 79
turtle000101.JPEG 4 45 31 84 52
turtle000102.JPEG 4 38 20 97 52
turtle000103.JPEG 4 55 26 102 63
turtle000104.JPEG 4 28 29 69 60
turtle000105.JPEG 4 44 29 77 48
turtle000106.JPEG 4 50 23 95 42
turtle000107.JPEG 4 38 16 77 39
turtle000108.JPEG 4 32 24 93 63
turtle000109.JPEG 4 57 19 91 48
turtle000110.JPEG 4 43 17 99 48
turtle000111.JPEG 4 34 37 81 52
turtle000112.JPEG 4 30 32 87 96
turtle000113.JPEG 4 75 36 109 60
turtle000114.JPEG 4 26 28 70 72
turtle000115.JPEG 4 38 28 91 82
turtle000116.JPEG 4 58 47 95 73
turtle000117.JPEG 4 56 56 88 76
turtle000118.JPEG 4 24 18 68 55
turtle000119.JPEG 4 35 37 77 70
turtle000120.JPEG 4 54 59 94 88
turtle000121.JPEG 4 23 29 65 72
turtle000122.JPEG 4 38 20 97 60
turtle000123.JPEG 4 35 15 97 46
turtle000124.JPEG 4 34 20 79 60
turtle000125.JPEG 4 45 27 89 67
turtle000126.JPEG 4 35 24 78 64
turtle000127.JPEG 4 43 30 97 47
turtle000128.JPEG 4 48 12 78 36
turtle000129.JPEG 4 37 22 87 53
turtle000130.JPEG 4 57 33 77 56
turtle000131.JPEG 4 31 47 71 74
turtle000132.JPEG 4 23 27 69 54
turtle000133.JPEG 4 56 24 87 53
turtle000134.JPEG 4 52 23 101 58
turtle000135.JPEG 4 28 24 84 73
turtle000136.JPEG 4 53 54 83 74
turtle000137.JPEG 4 63 40 97 62
turtle000138.JPEG 4 42 21 94 40
turtle000139.JPEG 4 21 33 51 63
turtle000140.JPEG 4 29 30 82 71
turtle000141.JPEG 4 28 41 84 94
turtle000142.JPEG 4 35 23 77 62
turtle000143.JPEG 4 43 33 99 63
turtle000144.JPEG 4 48 31 86 57
turtle000145.JPEG 4 18 58 54 86
turtle000146.JPEG 4 25 36 76 87
turtle000147.JPEG 4 50 36 102 67
turtle000148.JPEG 4 65 15 85 38
turtle000149.JPEG 4 40 25 93 74
turtle000150.JPEG 4 69 57 106 76
turtle000151.JPEG 4 48 49 87 72
turtle000152.JPEG 4 28 11 76 34
turtle000153.JPEG 4 28 63 61 90
turtle000154.JPEG 4 26 30 70 53
turtle000155.JPEG 4 29 23 82 66
turtle000156.JPEG 4 39 27 89 51
turtle000157.JPEG 4 35 24 96 72
turtle000158.JPEG 4 32 29 91 66
turtle000159.JPEG 4 45 25 98 74
turtle000160.JPEG 4 36 26 96 78
turtle000161.JPEG 4 23 44 70 100
turtle000162.JPEG 4 33 24 77 64
turtle000163.JPEG 4 47 27 84 61
turtle000164.JPEG 4 36 85 52 104
turtle000165.JPEG 4 63 13 104 40
turtle000166.JPEG 4 29 41 88 95
turtle000167.JPEG 4 30 43 67 96
turtle000168.JPEG 4 35 29 78 72
turtle000169.JPEG 4 49 37 96 83
turtle000170.JPEG 4 29 55 70 81
turtle000171.JPEG 4 42 31 86 50
turtle000172.JPEG 4 29 15 82 42
turtle000173.JPEG 4 30 24 90 53
turtle000174.JPEG 4 30 19 82 42
turtle000175.JPEG 4 23 33 68 84
turtle000176.JPEG 4 33 15 95 46
turtle000177.JPEG 4 20 33 61 71
turtle000178.JPEG 4 32 49 72 71
turtle000179.JPEG 4 34 18 77 47
turtle000180.JPEG 4 33 36 95 95